date,interval,data_type,key
2020-08-01,monthly,aggTrades,data/spot/monthly/aggTrades/SANDUSDT/SANDUSDT-aggTrades-2020-08.zip
2020-08-01,monthly,trades,data/spot/monthly/trades/SANDUSDT/SANDUSDT-trades-2020-08.zip
2020-08-14,daily,aggTrades,data/spot/daily/aggTrades/SANDUSDT/SANDUSDT-aggTrades-2020-08-14.zip
2020-08-15,daily,aggTrades,data/spot/daily/aggTrades/SANDUSDT/SANDUSDT-aggTrades-2020-08-15.zip
2020-08-16,daily,aggTrades,data/spot/daily/aggTrades/SANDUSDT/SANDUSDT-aggTrades-2020-08-16.zip
2020-08-17,daily,aggTrades,data/spot/daily/aggTrades/SANDUSDT/SANDUSDT-aggTrades-2020-08-17.zip
2020-08-18,daily,aggTrades,data/spot/daily/aggTrades/SANDUSDT/SANDUSDT-aggTrades-2020-08-18.zip
2020-08-19,daily,aggTrades,data/spot/daily/aggTrades/SANDUSDT/SANDUSDT-aggTrades-2020-08-19.zip
2020-08-20,daily,aggTrades,data/spot/daily/aggTrades/SANDUSDT/SANDUSDT-aggTrades-2020-08-20.zip
2020-08-21,daily,aggTrades,data/spot/daily/aggTrades/SANDUSDT/SANDUSDT-aggTrades-2020-08-21.zip
2020-08-22,daily,aggTrades,data/spot/daily/aggTrades/SANDUSDT/SANDUSDT-aggTrades-2020-08-22.zip
2020-08-23,daily,aggTrades,data/spot/daily/aggTrades/SANDUSDT/SANDUSDT-aggTrades-2020-08-23.zip
2020-08-24,daily,aggTrades,data/spot/daily/aggTrades/SANDUSDT/SANDUSDT-aggTrades-2020-08-24.zip
2020-08-25,daily,aggTrades,data/spot/daily/aggTrades/SANDUSDT/SANDUSDT-aggTrades-2020-08-25.zip
2020-08-26,daily,aggTrades,data/spot/daily/aggTrades/SANDUSDT/SANDUSDT-aggTrades-2020-08-26.zip
2020-08-27,daily,aggTrades,data/spot/daily/aggTrades/SANDUSDT/SANDUSDT-aggTrades-2020-08-27.zip
2020-08-28,daily,aggTrades,data/spot/daily/aggTrades/SANDUSDT/SANDUSDT-aggTrades-2020-08-28.zip
2020-08-29,daily,aggTrades,data/spot/daily/aggTrades/SANDUSDT/SANDUSDT-aggTrades-2020-08-29.zip
2020-08-30,daily,aggTrades,data/spot/daily/aggTrades/SANDUSDT/SANDUSDT-aggTrades-2020-08-30.zip
2020-08-31,daily,aggTrades,data/spot/daily/aggTrades/SANDUSDT/SANDUSDT-aggTrades-2020-08-31.zip
2020-09-01,daily,aggTrades,data/spot/daily/aggTrades/SANDUSDT/SANDUSDT-aggTrades-2020-09-01.zip
2020-09-01,monthly,aggTrades,data/spot/monthly/aggTrades/SANDUSDT/SANDUSDT-aggTrades-2020-09.zip
2020-09-01,monthly,trades,data/spot/monthly/trades/SANDUSDT/SANDUSDT-trades-2020-09.zip
2020-09-02,daily,aggTrades,data/spot/daily/aggTrades/SANDUSDT/SANDUSDT-aggTrades-2020-09-02.zip
2020-09-03,daily,aggTrades,data/spot/daily/aggTrades/SANDUSDT/SANDUSDT-aggTrades-2020-09-03.zip
2020-09-04,daily,aggTrades,data/spot/daily/aggTrades/SANDUSDT/SANDUSDT-aggTrades-2020-09-04.zip
2020-09-05,daily,aggTrades,data/spot/daily/aggTrades/SANDUSDT/SANDUSDT-aggTrades-2020-09-05.zip
2020-09-06,daily,aggTrades,data/spot/daily/aggTrades/SANDUSDT/SANDUSDT-aggTrades-2020-09-06.zip
2020-09-07,daily,aggTrades,data/spot/daily/aggTrades/SANDUSDT/SANDUSDT-aggTrades-2020-09-07.zip
2020-09-08,daily,aggTrades,data/spot/daily/aggTrades/SANDUSDT/SANDUSDT-aggTrades-2020-09-08.zip
2020-09-09,daily,aggTrades,data/spot/daily/aggTrades/SANDUSDT/SANDUSDT-aggTrades-2020-09-09.zip
2020-09-10,daily,aggTrades,data/spot/daily/aggTrades/SANDUSDT/SANDUSDT-aggTrades-2020-09-10.zip
2020-09-11,daily,aggTrades,data/spot/daily/aggTrades/SANDUSDT/SANDUSDT-aggTrades-2020-09-11.zip
2020-09-12,daily,aggTrades,data/spot/daily/aggTrades/SANDUSDT/SANDUSDT-aggTrades-2020-09-12.zip
2020-09-13,daily,aggTrades,data/spot/daily/aggTrades/SANDUSDT/SANDUSDT-aggTrades-2020-09-13.zip
2020-09-14,daily,aggTrades,data/spot/daily/aggTrades/SANDUSDT/SANDUSDT-aggTrades-2020-09-14.zip
2020-09-15,daily,aggTrades,data/spot/daily/aggTrades/SANDUSDT/SANDUSDT-aggTrades-2020-09-15.zip
2020-09-16,daily,aggTrades,data/spot/daily/aggTrades/SANDUSDT/SANDUSDT-aggTrades-2020-09-16.zip
2020-09-17,daily,aggTrades,data/spot/daily/aggTrades/SANDUSDT/SANDUSDT-aggTrades-2020-09-17.zip
2020-09-18,daily,aggTrades,data/spot/daily/aggTrades/SANDUSDT/SANDUSDT-aggTrades-2020-09-18.zip
2020-09-19,daily,aggTrades,data/spot/daily/aggTrades/SANDUSDT/SANDUSDT-aggTrades-2020-09-19.zip
2020-09-20,daily,aggTrades,data/spot/daily/aggTrades/SANDUSDT/SANDUSDT-aggTrades-2020-09-20.zip
2020-09-21,daily,aggTrades,data/spot/daily/aggTrades/SANDUSDT/SANDUSDT-aggTrades-2020-09-21.zip
2020-09-22,daily,aggTrades,data/spot/daily/aggTrades/SANDUSDT/SANDUSDT-aggTrades-2020-09-22.zip
2020-09-23,daily,aggTrades,data/spot/daily/aggTrades/SANDUSDT/SANDUSDT-aggTrades-2020-09-23.zip
2020-09-24,daily,aggTrades,data/spot/daily/aggTrades/SANDUSDT/SANDUSDT-aggTrades-2020-09-24.zip
2020-09-25,daily,aggTrades,data/spot/daily/aggTrades/SANDUSDT/SANDUSDT-aggTrades-2020-09-25.zip
2020-09-26,daily,aggTrades,data/spot/daily/aggTrades/SANDUSDT/SANDUSDT-aggTrades-2020-09-26.zip
2020-09-27,daily,aggTrades,data/spot/daily/aggTrades/SANDUSDT/SANDUSDT-aggTrades-2020-09-27.zip
2020-09-28,daily,aggTrades,data/spot/daily/aggTrades/SANDUSDT/SANDUSDT-aggTrades-2020-09-28.zip
2020-09-29,daily,aggTrades,data/spot/daily/aggTrades/SANDUSDT/SANDUSDT-aggTrades-2020-09-29.zip
2020-09-30,daily,aggTrades,data/spot/daily/aggTrades/SANDUSDT/SANDUSDT-aggTrades-2020-09-30.zip
2020-10-01,daily,aggTrades,data/spot/daily/aggTrades/SANDUSDT/SANDUSDT-aggTrades-2020-10-01.zip
2020-10-01,monthly,aggTrades,data/spot/monthly/aggTrades/SANDUSDT/SANDUSDT-aggTrades-2020-10.zip
2020-10-01,monthly,trades,data/spot/monthly/trades/SANDUSDT/SANDUSDT-trades-2020-10.zip
2020-10-02,daily,aggTrades,data/spot/daily/aggTrades/SANDUSDT/SANDUSDT-aggTrades-2020-10-02.zip
2020-10-03,daily,aggTrades,data/spot/daily/aggTrades/SANDUSDT/SANDUSDT-aggTrades-2020-10-03.zip
2020-10-04,daily,aggTrades,data/spot/daily/aggTrades/SANDUSDT/SANDUSDT-aggTrades-2020-10-04.zip
2020-10-05,daily,aggTrades,data/spot/daily/aggTrades/SANDUSDT/SANDUSDT-aggTrades-2020-10-05.zip
2020-10-06,daily,aggTrades,data/spot/daily/aggTrades/SANDUSDT/SANDUSDT-aggTrades-2020-10-06.zip
2020-10-07,daily,aggTrades,data/spot/daily/aggTrades/SANDUSDT/SANDUSDT-aggTrades-2020-10-07.zip
2020-10-08,daily,aggTrades,data/spot/daily/aggTrades/SANDUSDT/SANDUSDT-aggTrades-2020-10-08.zip
2020-10-09,daily,aggTrades,data/spot/daily/aggTrades/SANDUSDT/SANDUSDT-aggTrades-2020-10-09.zip
2020-10-10,daily,aggTrades,data/spot/daily/aggTrades/SANDUSDT/SANDUSDT-aggTrades-2020-10-10.zip
2020-10-11,daily,aggTrades,data/spot/daily/aggTrades/SANDUSDT/SANDUSDT-aggTrades-2020-10-11.zip
2020-10-12,daily,aggTrades,data/spot/daily/aggTrades/SANDUSDT/SANDUSDT-aggTrades-2020-10-12.zip
2020-10-13,daily,aggTrades,data/spot/daily/aggTrades/SANDUSDT/SANDUSDT-aggTrades-2020-10-13.zip
2020-10-14,daily,aggTrades,data/spot/daily/aggTrades/SANDUSDT/SANDUSDT-aggTrades-2020-10-14.zip
2020-10-15,daily,aggTrades,data/spot/daily/aggTrades/SANDUSDT/SANDUSDT-aggTrades-2020-10-15.zip
2020-10-16,daily,aggTrades,data/spot/daily/aggTrades/SANDUSDT/SANDUSDT-aggTrades-2020-10-16.zip
2020-10-17,daily,aggTrades,data/spot/daily/aggTrades/SANDUSDT/SANDUSDT-aggTrades-2020-10-17.zip
2020-10-18,daily,aggTrades,data/spot/daily/aggTrades/SANDUSDT/SANDUSDT-aggTrades-2020-10-18.zip
2020-10-19,daily,aggTrades,data/spot/daily/aggTrades/SANDUSDT/SANDUSDT-aggTrades-2020-10-19.zip
2020-10-20,daily,aggTrades,data/spot/daily/aggTrades/SANDUSDT/SANDUSDT-aggTrades-2020-10-20.zip
2020-10-21,daily,aggTrades,data/spot/daily/aggTrades/SANDUSDT/SANDUSDT-aggTrades-2020-10-21.zip
2020-10-22,daily,aggTrades,data/spot/daily/aggTrades/SANDUSDT/SANDUSDT-aggTrades-2020-10-22.zip
2020-10-23,daily,aggTrades,data/spot/daily/aggTrades/SANDUSDT/SANDUSDT-aggTrades-2020-10-23.zip
2020-10-24,daily,aggTrades,data/spot/daily/aggTrades/SANDUSDT/SANDUSDT-aggTrades-2020-10-24.zip
2020-10-25,daily,aggTrades,data/spot/daily/aggTrades/SANDUSDT/SANDUSDT-aggTrades-2020-10-25.zip
2020-10-26,daily,aggTrades,data/spot/daily/aggTrades/SANDUSDT/SANDUSDT-aggTrades-2020-10-26.zip
2020-10-27,daily,aggTrades,data/spot/daily/aggTrades/SANDUSDT/SANDUSDT-aggTrades-2020-10-27.zip
2020-10-28,daily,aggTrades,data/spot/daily/aggTrades/SANDUSDT/SANDUSDT-aggTrades-2020-10-28.zip
2020-10-29,daily,aggTrades,data/spot/daily/aggTrades/SANDUSDT/SANDUSDT-aggTrades-2020-10-29.zip
2020-10-30,daily,aggTrades,data/spot/daily/aggTrades/SANDUSDT/SANDUSDT-aggTrades-2020-10-30.zip
2020-10-31,daily,aggTrades,data/spot/daily/aggTrades/SANDUSDT/SANDUSDT-aggTrades-2020-10-31.zip
2020-11-01,daily,aggTrades,data/spot/daily/aggTrades/SANDUSDT/SANDUSDT-aggTrades-2020-11-01.zip
2020-11-01,monthly,aggTrades,data/spot/monthly/aggTrades/SANDUSDT/SANDUSDT-aggTrades-2020-11.zip
2020-11-01,monthly,trades,data/spot/monthly/trades/SANDUSDT/SANDUSDT-trades-2020-11.zip
2020-11-02,daily,aggTrades,data/spot/daily/aggTrades/SANDUSDT/SANDUSDT-aggTrades-2020-11-02.zip
2020-11-03,daily,aggTrades,data/spot/daily/aggTrades/SANDUSDT/SANDUSDT-aggTrades-2020-11-03.zip
2020-11-04,daily,aggTrades,data/spot/daily/aggTrades/SANDUSDT/SANDUSDT-aggTrades-2020-11-04.zip
2020-11-05,daily,aggTrades,data/spot/daily/aggTrades/SANDUSDT/SANDUSDT-aggTrades-2020-11-05.zip
2020-11-06,daily,aggTrades,data/spot/daily/aggTrades/SANDUSDT/SANDUSDT-aggTrades-2020-11-06.zip
2020-11-07,daily,aggTrades,data/spot/daily/aggTrades/SANDUSDT/SANDUSDT-aggTrades-2020-11-07.zip
2020-11-08,daily,aggTrades,data/spot/daily/aggTrades/SANDUSDT/SANDUSDT-aggTrades-2020-11-08.zip
2020-11-09,daily,aggTrades,data/spot/daily/aggTrades/SANDUSDT/SANDUSDT-aggTrades-2020-11-09.zip
2020-11-10,daily,aggTrades,data/spot/daily/aggTrades/SANDUSDT/SANDUSDT-aggTrades-2020-11-10.zip
2020-11-11,daily,aggTrades,data/spot/daily/aggTrades/SANDUSDT/SANDUSDT-aggTrades-2020-11-11.zip
2020-11-12,daily,aggTrades,data/spot/daily/aggTrades/SANDUSDT/SANDUSDT-aggTrades-2020-11-12.zip
2020-11-13,daily,aggTrades,data/spot/daily/aggTrades/SANDUSDT/SANDUSDT-aggTrades-2020-11-13.zip
2020-11-14,daily,aggTrades,data/spot/daily/aggTrades/SANDUSDT/SANDUSDT-aggTrades-2020-11-14.zip
2020-11-15,daily,aggTrades,data/spot/daily/aggTrades/SANDUSDT/SANDUSDT-aggTrades-2020-11-15.zip
2020-11-16,daily,aggTrades,data/spot/daily/aggTrades/SANDUSDT/SANDUSDT-aggTrades-2020-11-16.zip
2020-11-17,daily,aggTrades,data/spot/daily/aggTrades/SANDUSDT/SANDUSDT-aggTrades-2020-11-17.zip
2020-11-18,daily,aggTrades,data/spot/daily/aggTrades/SANDUSDT/SANDUSDT-aggTrades-2020-11-18.zip
2020-11-19,daily,aggTrades,data/spot/daily/aggTrades/SANDUSDT/SANDUSDT-aggTrades-2020-11-19.zip
2020-11-20,daily,aggTrades,data/spot/daily/aggTrades/SANDUSDT/SANDUSDT-aggTrades-2020-11-20.zip
2020-11-21,daily,aggTrades,data/spot/daily/aggTrades/SANDUSDT/SANDUSDT-aggTrades-2020-11-21.zip
2020-11-22,daily,aggTrades,data/spot/daily/aggTrades/SANDUSDT/SANDUSDT-aggTrades-2020-11-22.zip
2020-11-23,daily,aggTrades,data/spot/daily/aggTrades/SANDUSDT/SANDUSDT-aggTrades-2020-11-23.zip
2020-11-24,daily,aggTrades,data/spot/daily/aggTrades/SANDUSDT/SANDUSDT-aggTrades-2020-11-24.zip
2020-11-25,daily,aggTrades,data/spot/daily/aggTrades/SANDUSDT/SANDUSDT-aggTrades-2020-11-25.zip
2020-11-26,daily,aggTrades,data/spot/daily/aggTrades/SANDUSDT/SANDUSDT-aggTrades-2020-11-26.zip
2020-11-27,daily,aggTrades,data/spot/daily/aggTrades/SANDUSDT/SANDUSDT-aggTrades-2020-11-27.zip
2020-11-28,daily,aggTrades,data/spot/daily/aggTrades/SANDUSDT/SANDUSDT-aggTrades-2020-11-28.zip
2020-11-29,daily,aggTrades,data/spot/daily/aggTrades/SANDUSDT/SANDUSDT-aggTrades-2020-11-29.zip
2020-11-30,daily,aggTrades,data/spot/daily/aggTrades/SANDUSDT/SANDUSDT-aggTrades-2020-11-30.zip
2020-12-01,daily,aggTrades,data/spot/daily/aggTrades/SANDUSDT/SANDUSDT-aggTrades-2020-12-01.zip
2020-12-01,monthly,aggTrades,data/spot/monthly/aggTrades/SANDUSDT/SANDUSDT-aggTrades-2020-12.zip
2020-12-01,monthly,trades,data/spot/monthly/trades/SANDUSDT/SANDUSDT-trades-2020-12.zip
2020-12-02,daily,aggTrades,data/spot/daily/aggTrades/SANDUSDT/SANDUSDT-aggTrades-2020-12-02.zip
2020-12-03,daily,aggTrades,data/spot/daily/aggTrades/SANDUSDT/SANDUSDT-aggTrades-2020-12-03.zip
2020-12-04,daily,aggTrades,data/spot/daily/aggTrades/SANDUSDT/SANDUSDT-aggTrades-2020-12-04.zip
2020-12-05,daily,aggTrades,data/spot/daily/aggTrades/SANDUSDT/SANDUSDT-aggTrades-2020-12-05.zip
2020-12-06,daily,aggTrades,data/spot/daily/aggTrades/SANDUSDT/SANDUSDT-aggTrades-2020-12-06.zip
2020-12-07,daily,aggTrades,data/spot/daily/aggTrades/SANDUSDT/SANDUSDT-aggTrades-2020-12-07.zip
2020-12-08,daily,aggTrades,data/spot/daily/aggTrades/SANDUSDT/SANDUSDT-aggTrades-2020-12-08.zip
2020-12-09,daily,aggTrades,data/spot/daily/aggTrades/SANDUSDT/SANDUSDT-aggTrades-2020-12-09.zip
2020-12-10,daily,aggTrades,data/spot/daily/aggTrades/SANDUSDT/SANDUSDT-aggTrades-2020-12-10.zip
2020-12-11,daily,aggTrades,data/spot/daily/aggTrades/SANDUSDT/SANDUSDT-aggTrades-2020-12-11.zip
2020-12-12,daily,aggTrades,data/spot/daily/aggTrades/SANDUSDT/SANDUSDT-aggTrades-2020-12-12.zip
2020-12-13,daily,aggTrades,data/spot/daily/aggTrades/SANDUSDT/SANDUSDT-aggTrades-2020-12-13.zip
2020-12-14,daily,aggTrades,data/spot/daily/aggTrades/SANDUSDT/SANDUSDT-aggTrades-2020-12-14.zip
2020-12-15,daily,aggTrades,data/spot/daily/aggTrades/SANDUSDT/SANDUSDT-aggTrades-2020-12-15.zip
2020-12-16,daily,aggTrades,data/spot/daily/aggTrades/SANDUSDT/SANDUSDT-aggTrades-2020-12-16.zip
2020-12-17,daily,aggTrades,data/spot/daily/aggTrades/SANDUSDT/SANDUSDT-aggTrades-2020-12-17.zip
2020-12-18,daily,aggTrades,data/spot/daily/aggTrades/SANDUSDT/SANDUSDT-aggTrades-2020-12-18.zip
2020-12-19,daily,aggTrades,data/spot/daily/aggTrades/SANDUSDT/SANDUSDT-aggTrades-2020-12-19.zip
2020-12-20,daily,aggTrades,data/spot/daily/aggTrades/SANDUSDT/SANDUSDT-aggTrades-2020-12-20.zip
2020-12-21,daily,aggTrades,data/spot/daily/aggTrades/SANDUSDT/SANDUSDT-aggTrades-2020-12-21.zip
2020-12-22,daily,aggTrades,data/spot/daily/aggTrades/SANDUSDT/SANDUSDT-aggTrades-2020-12-22.zip
2020-12-23,daily,aggTrades,data/spot/daily/aggTrades/SANDUSDT/SANDUSDT-aggTrades-2020-12-23.zip
2020-12-24,daily,aggTrades,data/spot/daily/aggTrades/SANDUSDT/SANDUSDT-aggTrades-2020-12-24.zip
2020-12-25,daily,aggTrades,data/spot/daily/aggTrades/SANDUSDT/SANDUSDT-aggTrades-2020-12-25.zip
2020-12-26,daily,aggTrades,data/spot/daily/aggTrades/SANDUSDT/SANDUSDT-aggTrades-2020-12-26.zip
2020-12-27,daily,aggTrades,data/spot/daily/aggTrades/SANDUSDT/SANDUSDT-aggTrades-2020-12-27.zip
2020-12-28,daily,aggTrades,data/spot/daily/aggTrades/SANDUSDT/SANDUSDT-aggTrades-2020-12-28.zip
2020-12-29,daily,aggTrades,data/spot/daily/aggTrades/SANDUSDT/SANDUSDT-aggTrades-2020-12-29.zip
2020-12-30,daily,aggTrades,data/spot/daily/aggTrades/SANDUSDT/SANDUSDT-aggTrades-2020-12-30.zip
2020-12-31,daily,aggTrades,data/spot/daily/aggTrades/SANDUSDT/SANDUSDT-aggTrades-2020-12-31.zip
2021-01-01,daily,aggTrades,data/spot/daily/aggTrades/SANDUSDT/SANDUSDT-aggTrades-2021-01-01.zip
2021-01-01,monthly,aggTrades,data/spot/monthly/aggTrades/SANDUSDT/SANDUSDT-aggTrades-2021-01.zip
2021-01-01,monthly,trades,data/spot/monthly/trades/SANDUSDT/SANDUSDT-trades-2021-01.zip
2021-01-02,daily,aggTrades,data/spot/daily/aggTrades/SANDUSDT/SANDUSDT-aggTrades-2021-01-02.zip
2021-01-03,daily,aggTrades,data/spot/daily/aggTrades/SANDUSDT/SANDUSDT-aggTrades-2021-01-03.zip
2021-01-04,daily,aggTrades,data/spot/daily/aggTrades/SANDUSDT/SANDUSDT-aggTrades-2021-01-04.zip
2021-01-05,daily,aggTrades,data/spot/daily/aggTrades/SANDUSDT/SANDUSDT-aggTrades-2021-01-05.zip
2021-01-06,daily,aggTrades,data/spot/daily/aggTrades/SANDUSDT/SANDUSDT-aggTrades-2021-01-06.zip
2021-01-07,daily,aggTrades,data/spot/daily/aggTrades/SANDUSDT/SANDUSDT-aggTrades-2021-01-07.zip
2021-01-08,daily,aggTrades,data/spot/daily/aggTrades/SANDUSDT/SANDUSDT-aggTrades-2021-01-08.zip
2021-01-09,daily,aggTrades,data/spot/daily/aggTrades/SANDUSDT/SANDUSDT-aggTrades-2021-01-09.zip
2021-01-10,daily,aggTrades,data/spot/daily/aggTrades/SANDUSDT/SANDUSDT-aggTrades-2021-01-10.zip
2021-01-11,daily,aggTrades,data/spot/daily/aggTrades/SANDUSDT/SANDUSDT-aggTrades-2021-01-11.zip
2021-01-12,daily,aggTrades,data/spot/daily/aggTrades/SANDUSDT/SANDUSDT-aggTrades-2021-01-12.zip
2021-01-13,daily,aggTrades,data/spot/daily/aggTrades/SANDUSDT/SANDUSDT-aggTrades-2021-01-13.zip
2021-01-14,daily,aggTrades,data/spot/daily/aggTrades/SANDUSDT/SANDUSDT-aggTrades-2021-01-14.zip
2021-01-15,daily,aggTrades,data/spot/daily/aggTrades/SANDUSDT/SANDUSDT-aggTrades-2021-01-15.zip
2021-01-16,daily,aggTrades,data/spot/daily/aggTrades/SANDUSDT/SANDUSDT-aggTrades-2021-01-16.zip
2021-01-17,daily,aggTrades,data/spot/daily/aggTrades/SANDUSDT/SANDUSDT-aggTrades-2021-01-17.zip
2021-01-18,daily,aggTrades,data/spot/daily/aggTrades/SANDUSDT/SANDUSDT-aggTrades-2021-01-18.zip
2021-01-19,daily,aggTrades,data/spot/daily/aggTrades/SANDUSDT/SANDUSDT-aggTrades-2021-01-19.zip
2021-01-20,daily,aggTrades,data/spot/daily/aggTrades/SANDUSDT/SANDUSDT-aggTrades-2021-01-20.zip
2021-01-21,daily,aggTrades,data/spot/daily/aggTrades/SANDUSDT/SANDUSDT-aggTrades-2021-01-21.zip
2021-01-22,daily,aggTrades,data/spot/daily/aggTrades/SANDUSDT/SANDUSDT-aggTrades-2021-01-22.zip
2021-01-23,daily,aggTrades,data/spot/daily/aggTrades/SANDUSDT/SANDUSDT-aggTrades-2021-01-23.zip
2021-01-24,daily,aggTrades,data/spot/daily/aggTrades/SANDUSDT/SANDUSDT-aggTrades-2021-01-24.zip
2021-01-25,daily,aggTrades,data/spot/daily/aggTrades/SANDUSDT/SANDUSDT-aggTrades-2021-01-25.zip
2021-01-26,daily,aggTrades,data/spot/daily/aggTrades/SANDUSDT/SANDUSDT-aggTrades-2021-01-26.zip
2021-01-27,daily,aggTrades,data/spot/daily/aggTrades/SANDUSDT/SANDUSDT-aggTrades-2021-01-27.zip
2021-01-28,daily,aggTrades,data/spot/daily/aggTrades/SANDUSDT/SANDUSDT-aggTrades-2021-01-28.zip
2021-01-29,daily,aggTrades,data/spot/daily/aggTrades/SANDUSDT/SANDUSDT-aggTrades-2021-01-29.zip
2021-01-30,daily,aggTrades,data/spot/daily/aggTrades/SANDUSDT/SANDUSDT-aggTrades-2021-01-30.zip
2021-01-31,daily,aggTrades,data/spot/daily/aggTrades/SANDUSDT/SANDUSDT-aggTrades-2021-01-31.zip
2021-02-01,daily,aggTrades,data/spot/daily/aggTrades/SANDUSDT/SANDUSDT-aggTrades-2021-02-01.zip
2021-02-01,monthly,aggTrades,data/spot/monthly/aggTrades/SANDUSDT/SANDUSDT-aggTrades-2021-02.zip
2021-02-01,monthly,trades,data/spot/monthly/trades/SANDUSDT/SANDUSDT-trades-2021-02.zip
2021-02-02,daily,aggTrades,data/spot/daily/aggTrades/SANDUSDT/SANDUSDT-aggTrades-2021-02-02.zip
2021-02-03,daily,aggTrades,data/spot/daily/aggTrades/SANDUSDT/SANDUSDT-aggTrades-2021-02-03.zip
2021-02-04,daily,aggTrades,data/spot/daily/aggTrades/SANDUSDT/SANDUSDT-aggTrades-2021-02-04.zip
2021-02-05,daily,aggTrades,data/spot/daily/aggTrades/SANDUSDT/SANDUSDT-aggTrades-2021-02-05.zip
2021-02-06,daily,aggTrades,data/spot/daily/aggTrades/SANDUSDT/SANDUSDT-aggTrades-2021-02-06.zip
2021-02-07,daily,aggTrades,data/spot/daily/aggTrades/SANDUSDT/SANDUSDT-aggTrades-2021-02-07.zip
2021-02-08,daily,aggTrades,data/spot/daily/aggTrades/SANDUSDT/SANDUSDT-aggTrades-2021-02-08.zip
2021-02-09,daily,aggTrades,data/spot/daily/aggTrades/SANDUSDT/SANDUSDT-aggTrades-2021-02-09.zip
2021-02-10,daily,aggTrades,data/spot/daily/aggTrades/SANDUSDT/SANDUSDT-aggTrades-2021-02-10.zip
2021-02-11,daily,aggTrades,data/spot/daily/aggTrades/SANDUSDT/SANDUSDT-aggTrades-2021-02-11.zip
2021-02-12,daily,aggTrades,data/spot/daily/aggTrades/SANDUSDT/SANDUSDT-aggTrades-2021-02-12.zip
2021-02-13,daily,aggTrades,data/spot/daily/aggTrades/SANDUSDT/SANDUSDT-aggTrades-2021-02-13.zip
2021-02-14,daily,aggTrades,data/spot/daily/aggTrades/SANDUSDT/SANDUSDT-aggTrades-2021-02-14.zip
2021-02-15,daily,aggTrades,data/spot/daily/aggTrades/SANDUSDT/SANDUSDT-aggTrades-2021-02-15.zip
2021-02-16,daily,aggTrades,data/spot/daily/aggTrades/SANDUSDT/SANDUSDT-aggTrades-2021-02-16.zip
2021-02-17,daily,aggTrades,data/spot/daily/aggTrades/SANDUSDT/SANDUSDT-aggTrades-2021-02-17.zip
2021-02-18,daily,aggTrades,data/spot/daily/aggTrades/SANDUSDT/SANDUSDT-aggTrades-2021-02-18.zip
2021-02-19,daily,aggTrades,data/spot/daily/aggTrades/SANDUSDT/SANDUSDT-aggTrades-2021-02-19.zip
2021-02-20,daily,aggTrades,data/spot/daily/aggTrades/SANDUSDT/SANDUSDT-aggTrades-2021-02-20.zip
2021-02-21,daily,aggTrades,data/spot/daily/aggTrades/SANDUSDT/SANDUSDT-aggTrades-2021-02-21.zip
2021-02-22,daily,aggTrades,data/spot/daily/aggTrades/SANDUSDT/SANDUSDT-aggTrades-2021-02-22.zip
2021-02-23,daily,aggTrades,data/spot/daily/aggTrades/SANDUSDT/SANDUSDT-aggTrades-2021-02-23.zip
2021-02-24,daily,aggTrades,data/spot/daily/aggTrades/SANDUSDT/SANDUSDT-aggTrades-2021-02-24.zip
2021-02-25,daily,aggTrades,data/spot/daily/aggTrades/SANDUSDT/SANDUSDT-aggTrades-2021-02-25.zip
2021-02-26,daily,aggTrades,data/spot/daily/aggTrades/SANDUSDT/SANDUSDT-aggTrades-2021-02-26.zip
2021-02-27,daily,aggTrades,data/spot/daily/aggTrades/SANDUSDT/SANDUSDT-aggTrades-2021-02-27.zip
2021-02-28,daily,aggTrades,data/spot/daily/aggTrades/SANDUSDT/SANDUSDT-aggTrades-2021-02-28.zip
2021-03-01,daily,aggTrades,data/spot/daily/aggTrades/SANDUSDT/SANDUSDT-aggTrades-2021-03-01.zip
2021-03-01,monthly,aggTrades,data/spot/monthly/aggTrades/SANDUSDT/SANDUSDT-aggTrades-2021-03.zip
2021-03-01,monthly,trades,data/spot/monthly/trades/SANDUSDT/SANDUSDT-trades-2021-03.zip
2021-03-02,daily,aggTrades,data/spot/daily/aggTrades/SANDUSDT/SANDUSDT-aggTrades-2021-03-02.zip
2021-03-03,daily,aggTrades,data/spot/daily/aggTrades/SANDUSDT/SANDUSDT-aggTrades-2021-03-03.zip
2021-03-04,daily,aggTrades,data/spot/daily/aggTrades/SANDUSDT/SANDUSDT-aggTrades-2021-03-04.zip
2021-03-05,daily,aggTrades,data/spot/daily/aggTrades/SANDUSDT/SANDUSDT-aggTrades-2021-03-05.zip
2021-03-06,daily,aggTrades,data/spot/daily/aggTrades/SANDUSDT/SANDUSDT-aggTrades-2021-03-06.zip
2021-03-07,daily,aggTrades,data/spot/daily/aggTrades/SANDUSDT/SANDUSDT-aggTrades-2021-03-07.zip
2021-03-08,daily,aggTrades,data/spot/daily/aggTrades/SANDUSDT/SANDUSDT-aggTrades-2021-03-08.zip
2021-03-09,daily,aggTrades,data/spot/daily/aggTrades/SANDUSDT/SANDUSDT-aggTrades-2021-03-09.zip
2021-03-10,daily,aggTrades,data/spot/daily/aggTrades/SANDUSDT/SANDUSDT-aggTrades-2021-03-10.zip
2021-03-11,daily,aggTrades,data/spot/daily/aggTrades/SANDUSDT/SANDUSDT-aggTrades-2021-03-11.zip
2021-03-12,daily,aggTrades,data/spot/daily/aggTrades/SANDUSDT/SANDUSDT-aggTrades-2021-03-12.zip
2021-03-13,daily,aggTrades,data/spot/daily/aggTrades/SANDUSDT/SANDUSDT-aggTrades-2021-03-13.zip
2021-03-14,daily,aggTrades,data/spot/daily/aggTrades/SANDUSDT/SANDUSDT-aggTrades-2021-03-14.zip
2021-03-15,daily,aggTrades,data/spot/daily/aggTrades/SANDUSDT/SANDUSDT-aggTrades-2021-03-15.zip
2021-03-16,daily,aggTrades,data/spot/daily/aggTrades/SANDUSDT/SANDUSDT-aggTrades-2021-03-16.zip
2021-03-17,daily,aggTrades,data/spot/daily/aggTrades/SANDUSDT/SANDUSDT-aggTrades-2021-03-17.zip
2021-03-18,daily,aggTrades,data/spot/daily/aggTrades/SANDUSDT/SANDUSDT-aggTrades-2021-03-18.zip
2021-03-19,daily,aggTrades,data/spot/daily/aggTrades/SANDUSDT/SANDUSDT-aggTrades-2021-03-19.zip
2021-03-20,daily,aggTrades,data/spot/daily/aggTrades/SANDUSDT/SANDUSDT-aggTrades-2021-03-20.zip
2021-03-21,daily,aggTrades,data/spot/daily/aggTrades/SANDUSDT/SANDUSDT-aggTrades-2021-03-21.zip
2021-03-22,daily,aggTrades,data/spot/daily/aggTrades/SANDUSDT/SANDUSDT-aggTrades-2021-03-22.zip
2021-03-23,daily,aggTrades,data/spot/daily/aggTrades/SANDUSDT/SANDUSDT-aggTrades-2021-03-23.zip
2021-03-24,daily,aggTrades,data/spot/daily/aggTrades/SANDUSDT/SANDUSDT-aggTrades-2021-03-24.zip
2021-03-25,daily,aggTrades,data/spot/daily/aggTrades/SANDUSDT/SANDUSDT-aggTrades-2021-03-25.zip
2021-03-26,daily,aggTrades,data/spot/daily/aggTrades/SANDUSDT/SANDUSDT-aggTrades-2021-03-26.zip
2021-03-27,daily,aggTrades,data/spot/daily/aggTrades/SANDUSDT/SANDUSDT-aggTrades-2021-03-27.zip
2021-03-28,daily,aggTrades,data/spot/daily/aggTrades/SANDUSDT/SANDUSDT-aggTrades-2021-03-28.zip
2021-03-29,daily,aggTrades,data/spot/daily/aggTrades/SANDUSDT/SANDUSDT-aggTrades-2021-03-29.zip
2021-03-30,daily,aggTrades,data/spot/daily/aggTrades/SANDUSDT/SANDUSDT-aggTrades-2021-03-30.zip
2021-03-31,daily,aggTrades,data/spot/daily/aggTrades/SANDUSDT/SANDUSDT-aggTrades-2021-03-31.zip
2021-04-01,daily,aggTrades,data/spot/daily/aggTrades/SANDUSDT/SANDUSDT-aggTrades-2021-04-01.zip
2021-04-01,monthly,aggTrades,data/spot/monthly/aggTrades/SANDUSDT/SANDUSDT-aggTrades-2021-04.zip
2021-04-01,monthly,trades,data/spot/monthly/trades/SANDUSDT/SANDUSDT-trades-2021-04.zip
2021-04-02,daily,aggTrades,data/spot/daily/aggTrades/SANDUSDT/SANDUSDT-aggTrades-2021-04-02.zip
2021-04-03,daily,aggTrades,data/spot/daily/aggTrades/SANDUSDT/SANDUSDT-aggTrades-2021-04-03.zip
2021-04-04,daily,aggTrades,data/spot/daily/aggTrades/SANDUSDT/SANDUSDT-aggTrades-2021-04-04.zip
2021-04-05,daily,aggTrades,data/spot/daily/aggTrades/SANDUSDT/SANDUSDT-aggTrades-2021-04-05.zip
2021-04-06,daily,aggTrades,data/spot/daily/aggTrades/SANDUSDT/SANDUSDT-aggTrades-2021-04-06.zip
2021-04-07,daily,aggTrades,data/spot/daily/aggTrades/SANDUSDT/SANDUSDT-aggTrades-2021-04-07.zip
2021-04-08,daily,aggTrades,data/spot/daily/aggTrades/SANDUSDT/SANDUSDT-aggTrades-2021-04-08.zip
2021-04-09,daily,aggTrades,data/spot/daily/aggTrades/SANDUSDT/SANDUSDT-aggTrades-2021-04-09.zip
2021-04-10,daily,aggTrades,data/spot/daily/aggTrades/SANDUSDT/SANDUSDT-aggTrades-2021-04-10.zip
2021-04-11,daily,aggTrades,data/spot/daily/aggTrades/SANDUSDT/SANDUSDT-aggTrades-2021-04-11.zip
2021-04-12,daily,aggTrades,data/spot/daily/aggTrades/SANDUSDT/SANDUSDT-aggTrades-2021-04-12.zip
2021-04-13,daily,aggTrades,data/spot/daily/aggTrades/SANDUSDT/SANDUSDT-aggTrades-2021-04-13.zip
2021-04-14,daily,aggTrades,data/spot/daily/aggTrades/SANDUSDT/SANDUSDT-aggTrades-2021-04-14.zip
2021-04-15,daily,aggTrades,data/spot/daily/aggTrades/SANDUSDT/SANDUSDT-aggTrades-2021-04-15.zip
2021-04-16,daily,aggTrades,data/spot/daily/aggTrades/SANDUSDT/SANDUSDT-aggTrades-2021-04-16.zip
2021-04-17,daily,aggTrades,data/spot/daily/aggTrades/SANDUSDT/SANDUSDT-aggTrades-2021-04-17.zip
2021-04-18,daily,aggTrades,data/spot/daily/aggTrades/SANDUSDT/SANDUSDT-aggTrades-2021-04-18.zip
2021-04-19,daily,aggTrades,data/spot/daily/aggTrades/SANDUSDT/SANDUSDT-aggTrades-2021-04-19.zip
2021-04-20,daily,aggTrades,data/spot/daily/aggTrades/SANDUSDT/SANDUSDT-aggTrades-2021-04-20.zip
2021-04-21,daily,aggTrades,data/spot/daily/aggTrades/SANDUSDT/SANDUSDT-aggTrades-2021-04-21.zip
2021-04-22,daily,aggTrades,data/spot/daily/aggTrades/SANDUSDT/SANDUSDT-aggTrades-2021-04-22.zip
2021-04-23,daily,aggTrades,data/spot/daily/aggTrades/SANDUSDT/SANDUSDT-aggTrades-2021-04-23.zip
2021-04-24,daily,aggTrades,data/spot/daily/aggTrades/SANDUSDT/SANDUSDT-aggTrades-2021-04-24.zip
2021-04-25,daily,aggTrades,data/spot/daily/aggTrades/SANDUSDT/SANDUSDT-aggTrades-2021-04-25.zip
2021-04-26,daily,aggTrades,data/spot/daily/aggTrades/SANDUSDT/SANDUSDT-aggTrades-2021-04-26.zip
2021-04-27,daily,aggTrades,data/spot/daily/aggTrades/SANDUSDT/SANDUSDT-aggTrades-2021-04-27.zip
2021-04-28,daily,aggTrades,data/spot/daily/aggTrades/SANDUSDT/SANDUSDT-aggTrades-2021-04-28.zip
2021-04-29,daily,aggTrades,data/spot/daily/aggTrades/SANDUSDT/SANDUSDT-aggTrades-2021-04-29.zip
2021-04-30,daily,aggTrades,data/spot/daily/aggTrades/SANDUSDT/SANDUSDT-aggTrades-2021-04-30.zip
2021-05-01,daily,aggTrades,data/spot/daily/aggTrades/SANDUSDT/SANDUSDT-aggTrades-2021-05-01.zip
2021-05-01,monthly,aggTrades,data/spot/monthly/aggTrades/SANDUSDT/SANDUSDT-aggTrades-2021-05.zip
2021-05-01,monthly,trades,data/spot/monthly/trades/SANDUSDT/SANDUSDT-trades-2021-05.zip
2021-05-02,daily,aggTrades,data/spot/daily/aggTrades/SANDUSDT/SANDUSDT-aggTrades-2021-05-02.zip
2021-05-03,daily,aggTrades,data/spot/daily/aggTrades/SANDUSDT/SANDUSDT-aggTrades-2021-05-03.zip
2021-05-04,daily,aggTrades,data/spot/daily/aggTrades/SANDUSDT/SANDUSDT-aggTrades-2021-05-04.zip
2021-05-05,daily,aggTrades,data/spot/daily/aggTrades/SANDUSDT/SANDUSDT-aggTrades-2021-05-05.zip
2021-05-06,daily,aggTrades,data/spot/daily/aggTrades/SANDUSDT/SANDUSDT-aggTrades-2021-05-06.zip
2021-05-07,daily,aggTrades,data/spot/daily/aggTrades/SANDUSDT/SANDUSDT-aggTrades-2021-05-07.zip
2021-05-08,daily,aggTrades,data/spot/daily/aggTrades/SANDUSDT/SANDUSDT-aggTrades-2021-05-08.zip
2021-05-09,daily,aggTrades,data/spot/daily/aggTrades/SANDUSDT/SANDUSDT-aggTrades-2021-05-09.zip
2021-05-10,daily,aggTrades,data/spot/daily/aggTrades/SANDUSDT/SANDUSDT-aggTrades-2021-05-10.zip
2021-05-11,daily,aggTrades,data/spot/daily/aggTrades/SANDUSDT/SANDUSDT-aggTrades-2021-05-11.zip
2021-05-12,daily,aggTrades,data/spot/daily/aggTrades/SANDUSDT/SANDUSDT-aggTrades-2021-05-12.zip
2021-05-13,daily,aggTrades,data/spot/daily/aggTrades/SANDUSDT/SANDUSDT-aggTrades-2021-05-13.zip
2021-05-14,daily,aggTrades,data/spot/daily/aggTrades/SANDUSDT/SANDUSDT-aggTrades-2021-05-14.zip
2021-05-15,daily,aggTrades,data/spot/daily/aggTrades/SANDUSDT/SANDUSDT-aggTrades-2021-05-15.zip
2021-05-16,daily,aggTrades,data/spot/daily/aggTrades/SANDUSDT/SANDUSDT-aggTrades-2021-05-16.zip
2021-05-17,daily,aggTrades,data/spot/daily/aggTrades/SANDUSDT/SANDUSDT-aggTrades-2021-05-17.zip
2021-05-18,daily,aggTrades,data/spot/daily/aggTrades/SANDUSDT/SANDUSDT-aggTrades-2021-05-18.zip
2021-05-19,daily,aggTrades,data/spot/daily/aggTrades/SANDUSDT/SANDUSDT-aggTrades-2021-05-19.zip
2021-05-20,daily,aggTrades,data/spot/daily/aggTrades/SANDUSDT/SANDUSDT-aggTrades-2021-05-20.zip
2021-05-21,daily,aggTrades,data/spot/daily/aggTrades/SANDUSDT/SANDUSDT-aggTrades-2021-05-21.zip
2021-05-22,daily,aggTrades,data/spot/daily/aggTrades/SANDUSDT/SANDUSDT-aggTrades-2021-05-22.zip
2021-05-23,daily,aggTrades,data/spot/daily/aggTrades/SANDUSDT/SANDUSDT-aggTrades-2021-05-23.zip
2021-05-24,daily,aggTrades,data/spot/daily/aggTrades/SANDUSDT/SANDUSDT-aggTrades-2021-05-24.zip
2021-05-25,daily,aggTrades,data/spot/daily/aggTrades/SANDUSDT/SANDUSDT-aggTrades-2021-05-25.zip
2021-05-26,daily,aggTrades,data/spot/daily/aggTrades/SANDUSDT/SANDUSDT-aggTrades-2021-05-26.zip
2021-05-27,daily,aggTrades,data/spot/daily/aggTrades/SANDUSDT/SANDUSDT-aggTrades-2021-05-27.zip
2021-05-28,daily,aggTrades,data/spot/daily/aggTrades/SANDUSDT/SANDUSDT-aggTrades-2021-05-28.zip
2021-05-29,daily,aggTrades,data/spot/daily/aggTrades/SANDUSDT/SANDUSDT-aggTrades-2021-05-29.zip
2021-05-30,daily,aggTrades,data/spot/daily/aggTrades/SANDUSDT/SANDUSDT-aggTrades-2021-05-30.zip
2021-05-31,daily,aggTrades,data/spot/daily/aggTrades/SANDUSDT/SANDUSDT-aggTrades-2021-05-31.zip
2021-06-01,daily,aggTrades,data/spot/daily/aggTrades/SANDUSDT/SANDUSDT-aggTrades-2021-06-01.zip
2021-06-01,monthly,aggTrades,data/spot/monthly/aggTrades/SANDUSDT/SANDUSDT-aggTrades-2021-06.zip
2021-06-01,monthly,trades,data/spot/monthly/trades/SANDUSDT/SANDUSDT-trades-2021-06.zip
2021-06-02,daily,aggTrades,data/spot/daily/aggTrades/SANDUSDT/SANDUSDT-aggTrades-2021-06-02.zip
2021-06-03,daily,aggTrades,data/spot/daily/aggTrades/SANDUSDT/SANDUSDT-aggTrades-2021-06-03.zip
2021-06-04,daily,aggTrades,data/spot/daily/aggTrades/SANDUSDT/SANDUSDT-aggTrades-2021-06-04.zip
2021-06-05,daily,aggTrades,data/spot/daily/aggTrades/SANDUSDT/SANDUSDT-aggTrades-2021-06-05.zip
2021-06-06,daily,aggTrades,data/spot/daily/aggTrades/SANDUSDT/SANDUSDT-aggTrades-2021-06-06.zip
2021-06-07,daily,aggTrades,data/spot/daily/aggTrades/SANDUSDT/SANDUSDT-aggTrades-2021-06-07.zip
2021-06-08,daily,aggTrades,data/spot/daily/aggTrades/SANDUSDT/SANDUSDT-aggTrades-2021-06-08.zip
2021-06-09,daily,aggTrades,data/spot/daily/aggTrades/SANDUSDT/SANDUSDT-aggTrades-2021-06-09.zip
2021-06-10,daily,aggTrades,data/spot/daily/aggTrades/SANDUSDT/SANDUSDT-aggTrades-2021-06-10.zip
2021-06-11,daily,aggTrades,data/spot/daily/aggTrades/SANDUSDT/SANDUSDT-aggTrades-2021-06-11.zip
2021-06-12,daily,aggTrades,data/spot/daily/aggTrades/SANDUSDT/SANDUSDT-aggTrades-2021-06-12.zip
2021-06-13,daily,aggTrades,data/spot/daily/aggTrades/SANDUSDT/SANDUSDT-aggTrades-2021-06-13.zip
2021-06-14,daily,aggTrades,data/spot/daily/aggTrades/SANDUSDT/SANDUSDT-aggTrades-2021-06-14.zip
2021-06-15,daily,aggTrades,data/spot/daily/aggTrades/SANDUSDT/SANDUSDT-aggTrades-2021-06-15.zip
2021-06-16,daily,aggTrades,data/spot/daily/aggTrades/SANDUSDT/SANDUSDT-aggTrades-2021-06-16.zip
2021-06-17,daily,aggTrades,data/spot/daily/aggTrades/SANDUSDT/SANDUSDT-aggTrades-2021-06-17.zip
2021-06-18,daily,aggTrades,data/spot/daily/aggTrades/SANDUSDT/SANDUSDT-aggTrades-2021-06-18.zip
2021-06-19,daily,aggTrades,data/spot/daily/aggTrades/SANDUSDT/SANDUSDT-aggTrades-2021-06-19.zip
2021-06-20,daily,aggTrades,data/spot/daily/aggTrades/SANDUSDT/SANDUSDT-aggTrades-2021-06-20.zip
2021-06-21,daily,aggTrades,data/spot/daily/aggTrades/SANDUSDT/SANDUSDT-aggTrades-2021-06-21.zip
2021-06-22,daily,aggTrades,data/spot/daily/aggTrades/SANDUSDT/SANDUSDT-aggTrades-2021-06-22.zip
2021-06-23,daily,aggTrades,data/spot/daily/aggTrades/SANDUSDT/SANDUSDT-aggTrades-2021-06-23.zip
2021-06-24,daily,aggTrades,data/spot/daily/aggTrades/SANDUSDT/SANDUSDT-aggTrades-2021-06-24.zip
2021-06-25,daily,aggTrades,data/spot/daily/aggTrades/SANDUSDT/SANDUSDT-aggTrades-2021-06-25.zip
2021-06-26,daily,aggTrades,data/spot/daily/aggTrades/SANDUSDT/SANDUSDT-aggTrades-2021-06-26.zip
2021-06-27,daily,aggTrades,data/spot/daily/aggTrades/SANDUSDT/SANDUSDT-aggTrades-2021-06-27.zip
2021-06-28,daily,aggTrades,data/spot/daily/aggTrades/SANDUSDT/SANDUSDT-aggTrades-2021-06-28.zip
2021-06-29,daily,aggTrades,data/spot/daily/aggTrades/SANDUSDT/SANDUSDT-aggTrades-2021-06-29.zip
2021-06-30,daily,aggTrades,data/spot/daily/aggTrades/SANDUSDT/SANDUSDT-aggTrades-2021-06-30.zip
2021-07-01,daily,aggTrades,data/spot/daily/aggTrades/SANDUSDT/SANDUSDT-aggTrades-2021-07-01.zip
2021-07-01,monthly,aggTrades,data/spot/monthly/aggTrades/SANDUSDT/SANDUSDT-aggTrades-2021-07.zip
2021-07-01,monthly,trades,data/spot/monthly/trades/SANDUSDT/SANDUSDT-trades-2021-07.zip
2021-07-02,daily,aggTrades,data/spot/daily/aggTrades/SANDUSDT/SANDUSDT-aggTrades-2021-07-02.zip
2021-07-03,daily,aggTrades,data/spot/daily/aggTrades/SANDUSDT/SANDUSDT-aggTrades-2021-07-03.zip
2021-07-04,daily,aggTrades,data/spot/daily/aggTrades/SANDUSDT/SANDUSDT-aggTrades-2021-07-04.zip
2021-07-05,daily,aggTrades,data/spot/daily/aggTrades/SANDUSDT/SANDUSDT-aggTrades-2021-07-05.zip
2021-07-06,daily,aggTrades,data/spot/daily/aggTrades/SANDUSDT/SANDUSDT-aggTrades-2021-07-06.zip
2021-07-07,daily,aggTrades,data/spot/daily/aggTrades/SANDUSDT/SANDUSDT-aggTrades-2021-07-07.zip
2021-07-08,daily,aggTrades,data/spot/daily/aggTrades/SANDUSDT/SANDUSDT-aggTrades-2021-07-08.zip
2021-07-09,daily,aggTrades,data/spot/daily/aggTrades/SANDUSDT/SANDUSDT-aggTrades-2021-07-09.zip
2021-07-10,daily,aggTrades,data/spot/daily/aggTrades/SANDUSDT/SANDUSDT-aggTrades-2021-07-10.zip
2021-07-11,daily,aggTrades,data/spot/daily/aggTrades/SANDUSDT/SANDUSDT-aggTrades-2021-07-11.zip
2021-07-12,daily,aggTrades,data/spot/daily/aggTrades/SANDUSDT/SANDUSDT-aggTrades-2021-07-12.zip
2021-07-13,daily,aggTrades,data/spot/daily/aggTrades/SANDUSDT/SANDUSDT-aggTrades-2021-07-13.zip
2021-07-14,daily,aggTrades,data/spot/daily/aggTrades/SANDUSDT/SANDUSDT-aggTrades-2021-07-14.zip
2021-07-15,daily,aggTrades,data/spot/daily/aggTrades/SANDUSDT/SANDUSDT-aggTrades-2021-07-15.zip
2021-07-16,daily,aggTrades,data/spot/daily/aggTrades/SANDUSDT/SANDUSDT-aggTrades-2021-07-16.zip
2021-07-17,daily,aggTrades,data/spot/daily/aggTrades/SANDUSDT/SANDUSDT-aggTrades-2021-07-17.zip
2021-07-18,daily,aggTrades,data/spot/daily/aggTrades/SANDUSDT/SANDUSDT-aggTrades-2021-07-18.zip
2021-07-19,daily,aggTrades,data/spot/daily/aggTrades/SANDUSDT/SANDUSDT-aggTrades-2021-07-19.zip
2021-07-20,daily,aggTrades,data/spot/daily/aggTrades/SANDUSDT/SANDUSDT-aggTrades-2021-07-20.zip
2021-07-21,daily,aggTrades,data/spot/daily/aggTrades/SANDUSDT/SANDUSDT-aggTrades-2021-07-21.zip
2021-07-22,daily,aggTrades,data/spot/daily/aggTrades/SANDUSDT/SANDUSDT-aggTrades-2021-07-22.zip
2021-07-23,daily,aggTrades,data/spot/daily/aggTrades/SANDUSDT/SANDUSDT-aggTrades-2021-07-23.zip
2021-07-24,daily,aggTrades,data/spot/daily/aggTrades/SANDUSDT/SANDUSDT-aggTrades-2021-07-24.zip
2021-07-25,daily,aggTrades,data/spot/daily/aggTrades/SANDUSDT/SANDUSDT-aggTrades-2021-07-25.zip
2021-07-26,daily,aggTrades,data/spot/daily/aggTrades/SANDUSDT/SANDUSDT-aggTrades-2021-07-26.zip
2021-07-27,daily,aggTrades,data/spot/daily/aggTrades/SANDUSDT/SANDUSDT-aggTrades-2021-07-27.zip
2021-07-28,daily,aggTrades,data/spot/daily/aggTrades/SANDUSDT/SANDUSDT-aggTrades-2021-07-28.zip
2021-07-29,daily,aggTrades,data/spot/daily/aggTrades/SANDUSDT/SANDUSDT-aggTrades-2021-07-29.zip
2021-07-30,daily,aggTrades,data/spot/daily/aggTrades/SANDUSDT/SANDUSDT-aggTrades-2021-07-30.zip
2021-07-31,daily,aggTrades,data/spot/daily/aggTrades/SANDUSDT/SANDUSDT-aggTrades-2021-07-31.zip
2021-08-01,daily,aggTrades,data/spot/daily/aggTrades/SANDUSDT/SANDUSDT-aggTrades-2021-08-01.zip
2021-08-01,monthly,aggTrades,data/spot/monthly/aggTrades/SANDUSDT/SANDUSDT-aggTrades-2021-08.zip
2021-08-01,monthly,trades,data/spot/monthly/trades/SANDUSDT/SANDUSDT-trades-2021-08.zip
2021-08-02,daily,aggTrades,data/spot/daily/aggTrades/SANDUSDT/SANDUSDT-aggTrades-2021-08-02.zip
2021-08-03,daily,aggTrades,data/spot/daily/aggTrades/SANDUSDT/SANDUSDT-aggTrades-2021-08-03.zip
2021-08-04,daily,aggTrades,data/spot/daily/aggTrades/SANDUSDT/SANDUSDT-aggTrades-2021-08-04.zip
2021-08-05,daily,aggTrades,data/spot/daily/aggTrades/SANDUSDT/SANDUSDT-aggTrades-2021-08-05.zip
2021-08-06,daily,aggTrades,data/spot/daily/aggTrades/SANDUSDT/SANDUSDT-aggTrades-2021-08-06.zip
2021-08-07,daily,aggTrades,data/spot/daily/aggTrades/SANDUSDT/SANDUSDT-aggTrades-2021-08-07.zip
2021-08-08,daily,aggTrades,data/spot/daily/aggTrades/SANDUSDT/SANDUSDT-aggTrades-2021-08-08.zip
2021-08-09,daily,aggTrades,data/spot/daily/aggTrades/SANDUSDT/SANDUSDT-aggTrades-2021-08-09.zip
2021-08-10,daily,aggTrades,data/spot/daily/aggTrades/SANDUSDT/SANDUSDT-aggTrades-2021-08-10.zip
2021-08-11,daily,aggTrades,data/spot/daily/aggTrades/SANDUSDT/SANDUSDT-aggTrades-2021-08-11.zip
2021-08-12,daily,aggTrades,data/spot/daily/aggTrades/SANDUSDT/SANDUSDT-aggTrades-2021-08-12.zip
2021-08-13,daily,aggTrades,data/spot/daily/aggTrades/SANDUSDT/SANDUSDT-aggTrades-2021-08-13.zip
2021-08-14,daily,aggTrades,data/spot/daily/aggTrades/SANDUSDT/SANDUSDT-aggTrades-2021-08-14.zip
2021-08-15,daily,aggTrades,data/spot/daily/aggTrades/SANDUSDT/SANDUSDT-aggTrades-2021-08-15.zip
2021-08-16,daily,aggTrades,data/spot/daily/aggTrades/SANDUSDT/SANDUSDT-aggTrades-2021-08-16.zip
2021-08-17,daily,aggTrades,data/spot/daily/aggTrades/SANDUSDT/SANDUSDT-aggTrades-2021-08-17.zip
2021-08-18,daily,aggTrades,data/spot/daily/aggTrades/SANDUSDT/SANDUSDT-aggTrades-2021-08-18.zip
2021-08-19,daily,aggTrades,data/spot/daily/aggTrades/SANDUSDT/SANDUSDT-aggTrades-2021-08-19.zip
2021-08-20,daily,aggTrades,data/spot/daily/aggTrades/SANDUSDT/SANDUSDT-aggTrades-2021-08-20.zip
2021-08-21,daily,aggTrades,data/spot/daily/aggTrades/SANDUSDT/SANDUSDT-aggTrades-2021-08-21.zip
2021-08-22,daily,aggTrades,data/spot/daily/aggTrades/SANDUSDT/SANDUSDT-aggTrades-2021-08-22.zip
2021-08-23,daily,aggTrades,data/spot/daily/aggTrades/SANDUSDT/SANDUSDT-aggTrades-2021-08-23.zip
2021-08-24,daily,aggTrades,data/spot/daily/aggTrades/SANDUSDT/SANDUSDT-aggTrades-2021-08-24.zip
2021-08-25,daily,aggTrades,data/spot/daily/aggTrades/SANDUSDT/SANDUSDT-aggTrades-2021-08-25.zip
2021-08-26,daily,aggTrades,data/spot/daily/aggTrades/SANDUSDT/SANDUSDT-aggTrades-2021-08-26.zip
2021-08-27,daily,aggTrades,data/spot/daily/aggTrades/SANDUSDT/SANDUSDT-aggTrades-2021-08-27.zip
2021-08-28,daily,aggTrades,data/spot/daily/aggTrades/SANDUSDT/SANDUSDT-aggTrades-2021-08-28.zip
2021-08-29,daily,aggTrades,data/spot/daily/aggTrades/SANDUSDT/SANDUSDT-aggTrades-2021-08-29.zip
2021-08-30,daily,aggTrades,data/spot/daily/aggTrades/SANDUSDT/SANDUSDT-aggTrades-2021-08-30.zip
2021-08-31,daily,aggTrades,data/spot/daily/aggTrades/SANDUSDT/SANDUSDT-aggTrades-2021-08-31.zip
2021-09-01,daily,aggTrades,data/spot/daily/aggTrades/SANDUSDT/SANDUSDT-aggTrades-2021-09-01.zip
2021-09-01,monthly,aggTrades,data/spot/monthly/aggTrades/SANDUSDT/SANDUSDT-aggTrades-2021-09.zip
2021-09-01,monthly,trades,data/spot/monthly/trades/SANDUSDT/SANDUSDT-trades-2021-09.zip
2021-09-02,daily,aggTrades,data/spot/daily/aggTrades/SANDUSDT/SANDUSDT-aggTrades-2021-09-02.zip
2021-09-03,daily,aggTrades,data/spot/daily/aggTrades/SANDUSDT/SANDUSDT-aggTrades-2021-09-03.zip
2021-09-04,daily,aggTrades,data/spot/daily/aggTrades/SANDUSDT/SANDUSDT-aggTrades-2021-09-04.zip
2021-09-05,daily,aggTrades,data/spot/daily/aggTrades/SANDUSDT/SANDUSDT-aggTrades-2021-09-05.zip
2021-09-06,daily,aggTrades,data/spot/daily/aggTrades/SANDUSDT/SANDUSDT-aggTrades-2021-09-06.zip
2021-09-07,daily,aggTrades,data/spot/daily/aggTrades/SANDUSDT/SANDUSDT-aggTrades-2021-09-07.zip
2021-09-08,daily,aggTrades,data/spot/daily/aggTrades/SANDUSDT/SANDUSDT-aggTrades-2021-09-08.zip
2021-09-09,daily,aggTrades,data/spot/daily/aggTrades/SANDUSDT/SANDUSDT-aggTrades-2021-09-09.zip
2021-09-10,daily,aggTrades,data/spot/daily/aggTrades/SANDUSDT/SANDUSDT-aggTrades-2021-09-10.zip
2021-09-11,daily,aggTrades,data/spot/daily/aggTrades/SANDUSDT/SANDUSDT-aggTrades-2021-09-11.zip
2021-09-12,daily,aggTrades,data/spot/daily/aggTrades/SANDUSDT/SANDUSDT-aggTrades-2021-09-12.zip
2021-09-13,daily,aggTrades,data/spot/daily/aggTrades/SANDUSDT/SANDUSDT-aggTrades-2021-09-13.zip
2021-09-14,daily,aggTrades,data/spot/daily/aggTrades/SANDUSDT/SANDUSDT-aggTrades-2021-09-14.zip
2021-09-15,daily,aggTrades,data/spot/daily/aggTrades/SANDUSDT/SANDUSDT-aggTrades-2021-09-15.zip
2021-09-16,daily,aggTrades,data/spot/daily/aggTrades/SANDUSDT/SANDUSDT-aggTrades-2021-09-16.zip
2021-09-17,daily,aggTrades,data/spot/daily/aggTrades/SANDUSDT/SANDUSDT-aggTrades-2021-09-17.zip
2021-09-18,daily,aggTrades,data/spot/daily/aggTrades/SANDUSDT/SANDUSDT-aggTrades-2021-09-18.zip
2021-09-19,daily,aggTrades,data/spot/daily/aggTrades/SANDUSDT/SANDUSDT-aggTrades-2021-09-19.zip
2021-09-20,daily,aggTrades,data/spot/daily/aggTrades/SANDUSDT/SANDUSDT-aggTrades-2021-09-20.zip
2021-09-21,daily,aggTrades,data/spot/daily/aggTrades/SANDUSDT/SANDUSDT-aggTrades-2021-09-21.zip
2021-09-22,daily,aggTrades,data/spot/daily/aggTrades/SANDUSDT/SANDUSDT-aggTrades-2021-09-22.zip
2021-09-23,daily,aggTrades,data/spot/daily/aggTrades/SANDUSDT/SANDUSDT-aggTrades-2021-09-23.zip
2021-09-24,daily,aggTrades,data/spot/daily/aggTrades/SANDUSDT/SANDUSDT-aggTrades-2021-09-24.zip
2021-09-25,daily,aggTrades,data/spot/daily/aggTrades/SANDUSDT/SANDUSDT-aggTrades-2021-09-25.zip
2021-09-26,daily,aggTrades,data/spot/daily/aggTrades/SANDUSDT/SANDUSDT-aggTrades-2021-09-26.zip
2021-09-27,daily,aggTrades,data/spot/daily/aggTrades/SANDUSDT/SANDUSDT-aggTrades-2021-09-27.zip
2021-09-28,daily,aggTrades,data/spot/daily/aggTrades/SANDUSDT/SANDUSDT-aggTrades-2021-09-28.zip
2021-09-29,daily,aggTrades,data/spot/daily/aggTrades/SANDUSDT/SANDUSDT-aggTrades-2021-09-29.zip
2021-09-30,daily,aggTrades,data/spot/daily/aggTrades/SANDUSDT/SANDUSDT-aggTrades-2021-09-30.zip
2021-10-01,daily,aggTrades,data/spot/daily/aggTrades/SANDUSDT/SANDUSDT-aggTrades-2021-10-01.zip
2021-10-01,monthly,aggTrades,data/spot/monthly/aggTrades/SANDUSDT/SANDUSDT-aggTrades-2021-10.zip
2021-10-01,monthly,trades,data/spot/monthly/trades/SANDUSDT/SANDUSDT-trades-2021-10.zip
2021-10-02,daily,aggTrades,data/spot/daily/aggTrades/SANDUSDT/SANDUSDT-aggTrades-2021-10-02.zip
2021-10-03,daily,aggTrades,data/spot/daily/aggTrades/SANDUSDT/SANDUSDT-aggTrades-2021-10-03.zip
2021-10-04,daily,aggTrades,data/spot/daily/aggTrades/SANDUSDT/SANDUSDT-aggTrades-2021-10-04.zip
2021-10-05,daily,aggTrades,data/spot/daily/aggTrades/SANDUSDT/SANDUSDT-aggTrades-2021-10-05.zip
2021-10-06,daily,aggTrades,data/spot/daily/aggTrades/SANDUSDT/SANDUSDT-aggTrades-2021-10-06.zip
2021-10-07,daily,aggTrades,data/spot/daily/aggTrades/SANDUSDT/SANDUSDT-aggTrades-2021-10-07.zip
2021-10-08,daily,aggTrades,data/spot/daily/aggTrades/SANDUSDT/SANDUSDT-aggTrades-2021-10-08.zip
2021-10-09,daily,aggTrades,data/spot/daily/aggTrades/SANDUSDT/SANDUSDT-aggTrades-2021-10-09.zip
2021-10-10,daily,aggTrades,data/spot/daily/aggTrades/SANDUSDT/SANDUSDT-aggTrades-2021-10-10.zip
2021-10-11,daily,aggTrades,data/spot/daily/aggTrades/SANDUSDT/SANDUSDT-aggTrades-2021-10-11.zip
2021-10-12,daily,aggTrades,data/spot/daily/aggTrades/SANDUSDT/SANDUSDT-aggTrades-2021-10-12.zip
2021-10-13,daily,aggTrades,data/spot/daily/aggTrades/SANDUSDT/SANDUSDT-aggTrades-2021-10-13.zip
2021-10-14,daily,aggTrades,data/spot/daily/aggTrades/SANDUSDT/SANDUSDT-aggTrades-2021-10-14.zip
2021-10-15,daily,aggTrades,data/spot/daily/aggTrades/SANDUSDT/SANDUSDT-aggTrades-2021-10-15.zip
2021-10-16,daily,aggTrades,data/spot/daily/aggTrades/SANDUSDT/SANDUSDT-aggTrades-2021-10-16.zip
2021-10-17,daily,aggTrades,data/spot/daily/aggTrades/SANDUSDT/SANDUSDT-aggTrades-2021-10-17.zip
2021-10-18,daily,aggTrades,data/spot/daily/aggTrades/SANDUSDT/SANDUSDT-aggTrades-2021-10-18.zip
2021-10-19,daily,aggTrades,data/spot/daily/aggTrades/SANDUSDT/SANDUSDT-aggTrades-2021-10-19.zip
2021-10-20,daily,aggTrades,data/spot/daily/aggTrades/SANDUSDT/SANDUSDT-aggTrades-2021-10-20.zip
2021-10-21,daily,aggTrades,data/spot/daily/aggTrades/SANDUSDT/SANDUSDT-aggTrades-2021-10-21.zip
2021-10-22,daily,aggTrades,data/spot/daily/aggTrades/SANDUSDT/SANDUSDT-aggTrades-2021-10-22.zip
2021-10-23,daily,aggTrades,data/spot/daily/aggTrades/SANDUSDT/SANDUSDT-aggTrades-2021-10-23.zip
2021-10-24,daily,aggTrades,data/spot/daily/aggTrades/SANDUSDT/SANDUSDT-aggTrades-2021-10-24.zip
2021-10-25,daily,aggTrades,data/spot/daily/aggTrades/SANDUSDT/SANDUSDT-aggTrades-2021-10-25.zip
2021-10-26,daily,aggTrades,data/spot/daily/aggTrades/SANDUSDT/SANDUSDT-aggTrades-2021-10-26.zip
2021-10-27,daily,aggTrades,data/spot/daily/aggTrades/SANDUSDT/SANDUSDT-aggTrades-2021-10-27.zip
2021-10-28,daily,aggTrades,data/spot/daily/aggTrades/SANDUSDT/SANDUSDT-aggTrades-2021-10-28.zip
2021-10-29,daily,aggTrades,data/spot/daily/aggTrades/SANDUSDT/SANDUSDT-aggTrades-2021-10-29.zip
2021-10-30,daily,aggTrades,data/spot/daily/aggTrades/SANDUSDT/SANDUSDT-aggTrades-2021-10-30.zip
2021-10-31,daily,aggTrades,data/spot/daily/aggTrades/SANDUSDT/SANDUSDT-aggTrades-2021-10-31.zip
2021-11-01,daily,aggTrades,data/spot/daily/aggTrades/SANDUSDT/SANDUSDT-aggTrades-2021-11-01.zip
2021-11-01,monthly,aggTrades,data/spot/monthly/aggTrades/SANDUSDT/SANDUSDT-aggTrades-2021-11.zip
2021-11-01,monthly,trades,data/spot/monthly/trades/SANDUSDT/SANDUSDT-trades-2021-11.zip
2021-11-02,daily,aggTrades,data/spot/daily/aggTrades/SANDUSDT/SANDUSDT-aggTrades-2021-11-02.zip
2021-11-03,daily,aggTrades,data/spot/daily/aggTrades/SANDUSDT/SANDUSDT-aggTrades-2021-11-03.zip
2021-11-04,daily,aggTrades,data/spot/daily/aggTrades/SANDUSDT/SANDUSDT-aggTrades-2021-11-04.zip
2021-11-05,daily,aggTrades,data/spot/daily/aggTrades/SANDUSDT/SANDUSDT-aggTrades-2021-11-05.zip
2021-11-06,daily,aggTrades,data/spot/daily/aggTrades/SANDUSDT/SANDUSDT-aggTrades-2021-11-06.zip
2021-11-07,daily,aggTrades,data/spot/daily/aggTrades/SANDUSDT/SANDUSDT-aggTrades-2021-11-07.zip
2021-11-08,daily,aggTrades,data/spot/daily/aggTrades/SANDUSDT/SANDUSDT-aggTrades-2021-11-08.zip
2021-11-09,daily,aggTrades,data/spot/daily/aggTrades/SANDUSDT/SANDUSDT-aggTrades-2021-11-09.zip
2021-11-10,daily,aggTrades,data/spot/daily/aggTrades/SANDUSDT/SANDUSDT-aggTrades-2021-11-10.zip
2021-11-11,daily,aggTrades,data/spot/daily/aggTrades/SANDUSDT/SANDUSDT-aggTrades-2021-11-11.zip
2021-11-12,daily,aggTrades,data/spot/daily/aggTrades/SANDUSDT/SANDUSDT-aggTrades-2021-11-12.zip
2021-11-13,daily,aggTrades,data/spot/daily/aggTrades/SANDUSDT/SANDUSDT-aggTrades-2021-11-13.zip
2021-11-14,daily,aggTrades,data/spot/daily/aggTrades/SANDUSDT/SANDUSDT-aggTrades-2021-11-14.zip
2021-11-15,daily,aggTrades,data/spot/daily/aggTrades/SANDUSDT/SANDUSDT-aggTrades-2021-11-15.zip
2021-11-16,daily,aggTrades,data/spot/daily/aggTrades/SANDUSDT/SANDUSDT-aggTrades-2021-11-16.zip
2021-11-17,daily,aggTrades,data/spot/daily/aggTrades/SANDUSDT/SANDUSDT-aggTrades-2021-11-17.zip
2021-11-18,daily,aggTrades,data/spot/daily/aggTrades/SANDUSDT/SANDUSDT-aggTrades-2021-11-18.zip
2021-11-19,daily,aggTrades,data/spot/daily/aggTrades/SANDUSDT/SANDUSDT-aggTrades-2021-11-19.zip
2021-11-20,daily,aggTrades,data/spot/daily/aggTrades/SANDUSDT/SANDUSDT-aggTrades-2021-11-20.zip
2021-11-21,daily,aggTrades,data/spot/daily/aggTrades/SANDUSDT/SANDUSDT-aggTrades-2021-11-21.zip
2021-11-22,daily,aggTrades,data/spot/daily/aggTrades/SANDUSDT/SANDUSDT-aggTrades-2021-11-22.zip
2021-11-23,daily,aggTrades,data/spot/daily/aggTrades/SANDUSDT/SANDUSDT-aggTrades-2021-11-23.zip
2021-11-24,daily,aggTrades,data/spot/daily/aggTrades/SANDUSDT/SANDUSDT-aggTrades-2021-11-24.zip
2021-11-25,daily,aggTrades,data/spot/daily/aggTrades/SANDUSDT/SANDUSDT-aggTrades-2021-11-25.zip
2021-11-26,daily,aggTrades,data/spot/daily/aggTrades/SANDUSDT/SANDUSDT-aggTrades-2021-11-26.zip
2021-11-27,daily,aggTrades,data/spot/daily/aggTrades/SANDUSDT/SANDUSDT-aggTrades-2021-11-27.zip
2021-11-28,daily,aggTrades,data/spot/daily/aggTrades/SANDUSDT/SANDUSDT-aggTrades-2021-11-28.zip
2021-11-29,daily,aggTrades,data/spot/daily/aggTrades/SANDUSDT/SANDUSDT-aggTrades-2021-11-29.zip
2021-11-30,daily,aggTrades,data/spot/daily/aggTrades/SANDUSDT/SANDUSDT-aggTrades-2021-11-30.zip
2021-12-01,daily,aggTrades,data/spot/daily/aggTrades/SANDUSDT/SANDUSDT-aggTrades-2021-12-01.zip
2021-12-01,monthly,aggTrades,data/spot/monthly/aggTrades/SANDUSDT/SANDUSDT-aggTrades-2021-12.zip
2021-12-01,monthly,trades,data/spot/monthly/trades/SANDUSDT/SANDUSDT-trades-2021-12.zip
2021-12-02,daily,aggTrades,data/spot/daily/aggTrades/SANDUSDT/SANDUSDT-aggTrades-2021-12-02.zip
2021-12-03,daily,aggTrades,data/spot/daily/aggTrades/SANDUSDT/SANDUSDT-aggTrades-2021-12-03.zip
2021-12-04,daily,aggTrades,data/spot/daily/aggTrades/SANDUSDT/SANDUSDT-aggTrades-2021-12-04.zip
2021-12-05,daily,aggTrades,data/spot/daily/aggTrades/SANDUSDT/SANDUSDT-aggTrades-2021-12-05.zip
2021-12-06,daily,aggTrades,data/spot/daily/aggTrades/SANDUSDT/SANDUSDT-aggTrades-2021-12-06.zip
2021-12-07,daily,aggTrades,data/spot/daily/aggTrades/SANDUSDT/SANDUSDT-aggTrades-2021-12-07.zip
2021-12-08,daily,aggTrades,data/spot/daily/aggTrades/SANDUSDT/SANDUSDT-aggTrades-2021-12-08.zip
2021-12-09,daily,aggTrades,data/spot/daily/aggTrades/SANDUSDT/SANDUSDT-aggTrades-2021-12-09.zip
2021-12-10,daily,aggTrades,data/spot/daily/aggTrades/SANDUSDT/SANDUSDT-aggTrades-2021-12-10.zip
2021-12-11,daily,aggTrades,data/spot/daily/aggTrades/SANDUSDT/SANDUSDT-aggTrades-2021-12-11.zip
2021-12-12,daily,aggTrades,data/spot/daily/aggTrades/SANDUSDT/SANDUSDT-aggTrades-2021-12-12.zip
2021-12-13,daily,aggTrades,data/spot/daily/aggTrades/SANDUSDT/SANDUSDT-aggTrades-2021-12-13.zip
2021-12-14,daily,aggTrades,data/spot/daily/aggTrades/SANDUSDT/SANDUSDT-aggTrades-2021-12-14.zip
2021-12-15,daily,aggTrades,data/spot/daily/aggTrades/SANDUSDT/SANDUSDT-aggTrades-2021-12-15.zip
2021-12-16,daily,aggTrades,data/spot/daily/aggTrades/SANDUSDT/SANDUSDT-aggTrades-2021-12-16.zip
2021-12-17,daily,aggTrades,data/spot/daily/aggTrades/SANDUSDT/SANDUSDT-aggTrades-2021-12-17.zip
2021-12-18,daily,aggTrades,data/spot/daily/aggTrades/SANDUSDT/SANDUSDT-aggTrades-2021-12-18.zip
2021-12-19,daily,aggTrades,data/spot/daily/aggTrades/SANDUSDT/SANDUSDT-aggTrades-2021-12-19.zip
2021-12-20,daily,aggTrades,data/spot/daily/aggTrades/SANDUSDT/SANDUSDT-aggTrades-2021-12-20.zip
2021-12-21,daily,aggTrades,data/spot/daily/aggTrades/SANDUSDT/SANDUSDT-aggTrades-2021-12-21.zip
2021-12-22,daily,aggTrades,data/spot/daily/aggTrades/SANDUSDT/SANDUSDT-aggTrades-2021-12-22.zip
2021-12-23,daily,aggTrades,data/spot/daily/aggTrades/SANDUSDT/SANDUSDT-aggTrades-2021-12-23.zip
2021-12-24,daily,aggTrades,data/spot/daily/aggTrades/SANDUSDT/SANDUSDT-aggTrades-2021-12-24.zip
2021-12-25,daily,aggTrades,data/spot/daily/aggTrades/SANDUSDT/SANDUSDT-aggTrades-2021-12-25.zip
2021-12-26,daily,aggTrades,data/spot/daily/aggTrades/SANDUSDT/SANDUSDT-aggTrades-2021-12-26.zip
2021-12-27,daily,aggTrades,data/spot/daily/aggTrades/SANDUSDT/SANDUSDT-aggTrades-2021-12-27.zip
2021-12-28,daily,aggTrades,data/spot/daily/aggTrades/SANDUSDT/SANDUSDT-aggTrades-2021-12-28.zip
2021-12-29,daily,aggTrades,data/spot/daily/aggTrades/SANDUSDT/SANDUSDT-aggTrades-2021-12-29.zip
2021-12-30,daily,aggTrades,data/spot/daily/aggTrades/SANDUSDT/SANDUSDT-aggTrades-2021-12-30.zip
2021-12-31,daily,aggTrades,data/spot/daily/aggTrades/SANDUSDT/SANDUSDT-aggTrades-2021-12-31.zip
2022-01-01,daily,aggTrades,data/spot/daily/aggTrades/SANDUSDT/SANDUSDT-aggTrades-2022-01-01.zip
2022-01-01,monthly,aggTrades,data/spot/monthly/aggTrades/SANDUSDT/SANDUSDT-aggTrades-2022-01.zip
2022-01-01,monthly,trades,data/spot/monthly/trades/SANDUSDT/SANDUSDT-trades-2022-01.zip
2022-01-02,daily,aggTrades,data/spot/daily/aggTrades/SANDUSDT/SANDUSDT-aggTrades-2022-01-02.zip
2022-01-03,daily,aggTrades,data/spot/daily/aggTrades/SANDUSDT/SANDUSDT-aggTrades-2022-01-03.zip
2022-01-04,daily,aggTrades,data/spot/daily/aggTrades/SANDUSDT/SANDUSDT-aggTrades-2022-01-04.zip
2022-01-05,daily,aggTrades,data/spot/daily/aggTrades/SANDUSDT/SANDUSDT-aggTrades-2022-01-05.zip
2022-01-06,daily,aggTrades,data/spot/daily/aggTrades/SANDUSDT/SANDUSDT-aggTrades-2022-01-06.zip
2022-01-07,daily,aggTrades,data/spot/daily/aggTrades/SANDUSDT/SANDUSDT-aggTrades-2022-01-07.zip
2022-01-08,daily,aggTrades,data/spot/daily/aggTrades/SANDUSDT/SANDUSDT-aggTrades-2022-01-08.zip
2022-01-09,daily,aggTrades,data/spot/daily/aggTrades/SANDUSDT/SANDUSDT-aggTrades-2022-01-09.zip
2022-01-10,daily,aggTrades,data/spot/daily/aggTrades/SANDUSDT/SANDUSDT-aggTrades-2022-01-10.zip
2022-01-11,daily,aggTrades,data/spot/daily/aggTrades/SANDUSDT/SANDUSDT-aggTrades-2022-01-11.zip
2022-01-12,daily,aggTrades,data/spot/daily/aggTrades/SANDUSDT/SANDUSDT-aggTrades-2022-01-12.zip
2022-01-13,daily,aggTrades,data/spot/daily/aggTrades/SANDUSDT/SANDUSDT-aggTrades-2022-01-13.zip
2022-01-14,daily,aggTrades,data/spot/daily/aggTrades/SANDUSDT/SANDUSDT-aggTrades-2022-01-14.zip
2022-01-15,daily,aggTrades,data/spot/daily/aggTrades/SANDUSDT/SANDUSDT-aggTrades-2022-01-15.zip
2022-01-16,daily,aggTrades,data/spot/daily/aggTrades/SANDUSDT/SANDUSDT-aggTrades-2022-01-16.zip
2022-01-17,daily,aggTrades,data/spot/daily/aggTrades/SANDUSDT/SANDUSDT-aggTrades-2022-01-17.zip
2022-01-18,daily,aggTrades,data/spot/daily/aggTrades/SANDUSDT/SANDUSDT-aggTrades-2022-01-18.zip
2022-01-19,daily,aggTrades,data/spot/daily/aggTrades/SANDUSDT/SANDUSDT-aggTrades-2022-01-19.zip
2022-01-20,daily,aggTrades,data/spot/daily/aggTrades/SANDUSDT/SANDUSDT-aggTrades-2022-01-20.zip
2022-01-21,daily,aggTrades,data/spot/daily/aggTrades/SANDUSDT/SANDUSDT-aggTrades-2022-01-21.zip
2022-01-22,daily,aggTrades,data/spot/daily/aggTrades/SANDUSDT/SANDUSDT-aggTrades-2022-01-22.zip
2022-01-23,daily,aggTrades,data/spot/daily/aggTrades/SANDUSDT/SANDUSDT-aggTrades-2022-01-23.zip
2022-01-24,daily,aggTrades,data/spot/daily/aggTrades/SANDUSDT/SANDUSDT-aggTrades-2022-01-24.zip
2022-01-25,daily,aggTrades,data/spot/daily/aggTrades/SANDUSDT/SANDUSDT-aggTrades-2022-01-25.zip
2022-01-26,daily,aggTrades,data/spot/daily/aggTrades/SANDUSDT/SANDUSDT-aggTrades-2022-01-26.zip
2022-01-27,daily,aggTrades,data/spot/daily/aggTrades/SANDUSDT/SANDUSDT-aggTrades-2022-01-27.zip
2022-01-28,daily,aggTrades,data/spot/daily/aggTrades/SANDUSDT/SANDUSDT-aggTrades-2022-01-28.zip
2022-01-29,daily,aggTrades,data/spot/daily/aggTrades/SANDUSDT/SANDUSDT-aggTrades-2022-01-29.zip
2022-01-30,daily,aggTrades,data/spot/daily/aggTrades/SANDUSDT/SANDUSDT-aggTrades-2022-01-30.zip
2022-01-31,daily,aggTrades,data/spot/daily/aggTrades/SANDUSDT/SANDUSDT-aggTrades-2022-01-31.zip
2022-02-01,daily,aggTrades,data/spot/daily/aggTrades/SANDUSDT/SANDUSDT-aggTrades-2022-02-01.zip
2022-02-01,monthly,aggTrades,data/spot/monthly/aggTrades/SANDUSDT/SANDUSDT-aggTrades-2022-02.zip
2022-02-01,monthly,trades,data/spot/monthly/trades/SANDUSDT/SANDUSDT-trades-2022-02.zip
2022-02-02,daily,aggTrades,data/spot/daily/aggTrades/SANDUSDT/SANDUSDT-aggTrades-2022-02-02.zip
2022-02-03,daily,aggTrades,data/spot/daily/aggTrades/SANDUSDT/SANDUSDT-aggTrades-2022-02-03.zip
2022-02-04,daily,aggTrades,data/spot/daily/aggTrades/SANDUSDT/SANDUSDT-aggTrades-2022-02-04.zip
2022-02-05,daily,aggTrades,data/spot/daily/aggTrades/SANDUSDT/SANDUSDT-aggTrades-2022-02-05.zip
2022-02-06,daily,aggTrades,data/spot/daily/aggTrades/SANDUSDT/SANDUSDT-aggTrades-2022-02-06.zip
2022-02-07,daily,aggTrades,data/spot/daily/aggTrades/SANDUSDT/SANDUSDT-aggTrades-2022-02-07.zip
2022-02-08,daily,aggTrades,data/spot/daily/aggTrades/SANDUSDT/SANDUSDT-aggTrades-2022-02-08.zip
2022-02-09,daily,aggTrades,data/spot/daily/aggTrades/SANDUSDT/SANDUSDT-aggTrades-2022-02-09.zip
2022-02-10,daily,aggTrades,data/spot/daily/aggTrades/SANDUSDT/SANDUSDT-aggTrades-2022-02-10.zip
2022-02-11,daily,aggTrades,data/spot/daily/aggTrades/SANDUSDT/SANDUSDT-aggTrades-2022-02-11.zip
2022-02-12,daily,aggTrades,data/spot/daily/aggTrades/SANDUSDT/SANDUSDT-aggTrades-2022-02-12.zip
2022-02-13,daily,aggTrades,data/spot/daily/aggTrades/SANDUSDT/SANDUSDT-aggTrades-2022-02-13.zip
2022-02-14,daily,aggTrades,data/spot/daily/aggTrades/SANDUSDT/SANDUSDT-aggTrades-2022-02-14.zip
2022-02-15,daily,aggTrades,data/spot/daily/aggTrades/SANDUSDT/SANDUSDT-aggTrades-2022-02-15.zip
2022-02-16,daily,aggTrades,data/spot/daily/aggTrades/SANDUSDT/SANDUSDT-aggTrades-2022-02-16.zip
2022-02-17,daily,aggTrades,data/spot/daily/aggTrades/SANDUSDT/SANDUSDT-aggTrades-2022-02-17.zip
2022-02-18,daily,aggTrades,data/spot/daily/aggTrades/SANDUSDT/SANDUSDT-aggTrades-2022-02-18.zip
2022-02-19,daily,aggTrades,data/spot/daily/aggTrades/SANDUSDT/SANDUSDT-aggTrades-2022-02-19.zip
2022-02-20,daily,aggTrades,data/spot/daily/aggTrades/SANDUSDT/SANDUSDT-aggTrades-2022-02-20.zip
2022-02-21,daily,aggTrades,data/spot/daily/aggTrades/SANDUSDT/SANDUSDT-aggTrades-2022-02-21.zip
2022-02-22,daily,aggTrades,data/spot/daily/aggTrades/SANDUSDT/SANDUSDT-aggTrades-2022-02-22.zip
2022-02-23,daily,aggTrades,data/spot/daily/aggTrades/SANDUSDT/SANDUSDT-aggTrades-2022-02-23.zip
2022-02-24,daily,aggTrades,data/spot/daily/aggTrades/SANDUSDT/SANDUSDT-aggTrades-2022-02-24.zip
2022-02-25,daily,aggTrades,data/spot/daily/aggTrades/SANDUSDT/SANDUSDT-aggTrades-2022-02-25.zip
2022-02-26,daily,aggTrades,data/spot/daily/aggTrades/SANDUSDT/SANDUSDT-aggTrades-2022-02-26.zip
2022-02-27,daily,aggTrades,data/spot/daily/aggTrades/SANDUSDT/SANDUSDT-aggTrades-2022-02-27.zip
2022-02-28,daily,aggTrades,data/spot/daily/aggTrades/SANDUSDT/SANDUSDT-aggTrades-2022-02-28.zip
2022-03-01,daily,aggTrades,data/spot/daily/aggTrades/SANDUSDT/SANDUSDT-aggTrades-2022-03-01.zip
2022-03-01,monthly,aggTrades,data/spot/monthly/aggTrades/SANDUSDT/SANDUSDT-aggTrades-2022-03.zip
2022-03-01,monthly,trades,data/spot/monthly/trades/SANDUSDT/SANDUSDT-trades-2022-03.zip
2022-03-02,daily,aggTrades,data/spot/daily/aggTrades/SANDUSDT/SANDUSDT-aggTrades-2022-03-02.zip
2022-03-03,daily,aggTrades,data/spot/daily/aggTrades/SANDUSDT/SANDUSDT-aggTrades-2022-03-03.zip
2022-03-04,daily,aggTrades,data/spot/daily/aggTrades/SANDUSDT/SANDUSDT-aggTrades-2022-03-04.zip
2022-03-05,daily,aggTrades,data/spot/daily/aggTrades/SANDUSDT/SANDUSDT-aggTrades-2022-03-05.zip
2022-03-06,daily,aggTrades,data/spot/daily/aggTrades/SANDUSDT/SANDUSDT-aggTrades-2022-03-06.zip
2022-03-07,daily,aggTrades,data/spot/daily/aggTrades/SANDUSDT/SANDUSDT-aggTrades-2022-03-07.zip
2022-03-08,daily,aggTrades,data/spot/daily/aggTrades/SANDUSDT/SANDUSDT-aggTrades-2022-03-08.zip
2022-03-09,daily,aggTrades,data/spot/daily/aggTrades/SANDUSDT/SANDUSDT-aggTrades-2022-03-09.zip
2022-03-10,daily,aggTrades,data/spot/daily/aggTrades/SANDUSDT/SANDUSDT-aggTrades-2022-03-10.zip
2022-03-11,daily,aggTrades,data/spot/daily/aggTrades/SANDUSDT/SANDUSDT-aggTrades-2022-03-11.zip
2022-03-12,daily,aggTrades,data/spot/daily/aggTrades/SANDUSDT/SANDUSDT-aggTrades-2022-03-12.zip
2022-03-13,daily,aggTrades,data/spot/daily/aggTrades/SANDUSDT/SANDUSDT-aggTrades-2022-03-13.zip
2022-03-14,daily,aggTrades,data/spot/daily/aggTrades/SANDUSDT/SANDUSDT-aggTrades-2022-03-14.zip
2022-03-15,daily,aggTrades,data/spot/daily/aggTrades/SANDUSDT/SANDUSDT-aggTrades-2022-03-15.zip
2022-03-16,daily,aggTrades,data/spot/daily/aggTrades/SANDUSDT/SANDUSDT-aggTrades-2022-03-16.zip
2022-03-17,daily,aggTrades,data/spot/daily/aggTrades/SANDUSDT/SANDUSDT-aggTrades-2022-03-17.zip
2022-03-18,daily,aggTrades,data/spot/daily/aggTrades/SANDUSDT/SANDUSDT-aggTrades-2022-03-18.zip
2022-03-19,daily,aggTrades,data/spot/daily/aggTrades/SANDUSDT/SANDUSDT-aggTrades-2022-03-19.zip
2022-03-20,daily,aggTrades,data/spot/daily/aggTrades/SANDUSDT/SANDUSDT-aggTrades-2022-03-20.zip
2022-03-21,daily,aggTrades,data/spot/daily/aggTrades/SANDUSDT/SANDUSDT-aggTrades-2022-03-21.zip
2022-03-22,daily,aggTrades,data/spot/daily/aggTrades/SANDUSDT/SANDUSDT-aggTrades-2022-03-22.zip
2022-03-23,daily,aggTrades,data/spot/daily/aggTrades/SANDUSDT/SANDUSDT-aggTrades-2022-03-23.zip
2022-03-24,daily,aggTrades,data/spot/daily/aggTrades/SANDUSDT/SANDUSDT-aggTrades-2022-03-24.zip
2022-03-25,daily,aggTrades,data/spot/daily/aggTrades/SANDUSDT/SANDUSDT-aggTrades-2022-03-25.zip
2022-03-26,daily,aggTrades,data/spot/daily/aggTrades/SANDUSDT/SANDUSDT-aggTrades-2022-03-26.zip
2022-03-27,daily,aggTrades,data/spot/daily/aggTrades/SANDUSDT/SANDUSDT-aggTrades-2022-03-27.zip
2022-03-28,daily,aggTrades,data/spot/daily/aggTrades/SANDUSDT/SANDUSDT-aggTrades-2022-03-28.zip
2022-03-29,daily,aggTrades,data/spot/daily/aggTrades/SANDUSDT/SANDUSDT-aggTrades-2022-03-29.zip
2022-03-30,daily,aggTrades,data/spot/daily/aggTrades/SANDUSDT/SANDUSDT-aggTrades-2022-03-30.zip
2022-03-31,daily,aggTrades,data/spot/daily/aggTrades/SANDUSDT/SANDUSDT-aggTrades-2022-03-31.zip
2022-04-01,daily,aggTrades,data/spot/daily/aggTrades/SANDUSDT/SANDUSDT-aggTrades-2022-04-01.zip
2022-04-01,monthly,aggTrades,data/spot/monthly/aggTrades/SANDUSDT/SANDUSDT-aggTrades-2022-04.zip
2022-04-01,monthly,trades,data/spot/monthly/trades/SANDUSDT/SANDUSDT-trades-2022-04.zip
2022-04-02,daily,aggTrades,data/spot/daily/aggTrades/SANDUSDT/SANDUSDT-aggTrades-2022-04-02.zip
2022-04-03,daily,aggTrades,data/spot/daily/aggTrades/SANDUSDT/SANDUSDT-aggTrades-2022-04-03.zip
2022-04-04,daily,aggTrades,data/spot/daily/aggTrades/SANDUSDT/SANDUSDT-aggTrades-2022-04-04.zip
2022-04-05,daily,aggTrades,data/spot/daily/aggTrades/SANDUSDT/SANDUSDT-aggTrades-2022-04-05.zip
2022-04-06,daily,aggTrades,data/spot/daily/aggTrades/SANDUSDT/SANDUSDT-aggTrades-2022-04-06.zip
2022-04-07,daily,aggTrades,data/spot/daily/aggTrades/SANDUSDT/SANDUSDT-aggTrades-2022-04-07.zip
2022-04-08,daily,aggTrades,data/spot/daily/aggTrades/SANDUSDT/SANDUSDT-aggTrades-2022-04-08.zip
2022-04-09,daily,aggTrades,data/spot/daily/aggTrades/SANDUSDT/SANDUSDT-aggTrades-2022-04-09.zip
2022-04-10,daily,aggTrades,data/spot/daily/aggTrades/SANDUSDT/SANDUSDT-aggTrades-2022-04-10.zip
2022-04-11,daily,aggTrades,data/spot/daily/aggTrades/SANDUSDT/SANDUSDT-aggTrades-2022-04-11.zip
2022-04-12,daily,aggTrades,data/spot/daily/aggTrades/SANDUSDT/SANDUSDT-aggTrades-2022-04-12.zip
2022-04-13,daily,aggTrades,data/spot/daily/aggTrades/SANDUSDT/SANDUSDT-aggTrades-2022-04-13.zip
2022-04-14,daily,aggTrades,data/spot/daily/aggTrades/SANDUSDT/SANDUSDT-aggTrades-2022-04-14.zip
2022-04-15,daily,aggTrades,data/spot/daily/aggTrades/SANDUSDT/SANDUSDT-aggTrades-2022-04-15.zip
2022-04-16,daily,aggTrades,data/spot/daily/aggTrades/SANDUSDT/SANDUSDT-aggTrades-2022-04-16.zip
2022-04-17,daily,aggTrades,data/spot/daily/aggTrades/SANDUSDT/SANDUSDT-aggTrades-2022-04-17.zip
2022-04-18,daily,aggTrades,data/spot/daily/aggTrades/SANDUSDT/SANDUSDT-aggTrades-2022-04-18.zip
2022-04-19,daily,aggTrades,data/spot/daily/aggTrades/SANDUSDT/SANDUSDT-aggTrades-2022-04-19.zip
2022-04-20,daily,aggTrades,data/spot/daily/aggTrades/SANDUSDT/SANDUSDT-aggTrades-2022-04-20.zip
2022-04-21,daily,aggTrades,data/spot/daily/aggTrades/SANDUSDT/SANDUSDT-aggTrades-2022-04-21.zip
2022-04-22,daily,aggTrades,data/spot/daily/aggTrades/SANDUSDT/SANDUSDT-aggTrades-2022-04-22.zip
2022-04-23,daily,aggTrades,data/spot/daily/aggTrades/SANDUSDT/SANDUSDT-aggTrades-2022-04-23.zip
2022-04-24,daily,aggTrades,data/spot/daily/aggTrades/SANDUSDT/SANDUSDT-aggTrades-2022-04-24.zip
2022-04-25,daily,aggTrades,data/spot/daily/aggTrades/SANDUSDT/SANDUSDT-aggTrades-2022-04-25.zip
2022-04-26,daily,aggTrades,data/spot/daily/aggTrades/SANDUSDT/SANDUSDT-aggTrades-2022-04-26.zip
2022-04-27,daily,aggTrades,data/spot/daily/aggTrades/SANDUSDT/SANDUSDT-aggTrades-2022-04-27.zip
2022-04-28,daily,aggTrades,data/spot/daily/aggTrades/SANDUSDT/SANDUSDT-aggTrades-2022-04-28.zip
2022-04-29,daily,aggTrades,data/spot/daily/aggTrades/SANDUSDT/SANDUSDT-aggTrades-2022-04-29.zip
2022-04-30,daily,aggTrades,data/spot/daily/aggTrades/SANDUSDT/SANDUSDT-aggTrades-2022-04-30.zip
2022-05-01,daily,aggTrades,data/spot/daily/aggTrades/SANDUSDT/SANDUSDT-aggTrades-2022-05-01.zip
2022-05-01,monthly,aggTrades,data/spot/monthly/aggTrades/SANDUSDT/SANDUSDT-aggTrades-2022-05.zip
2022-05-01,monthly,trades,data/spot/monthly/trades/SANDUSDT/SANDUSDT-trades-2022-05.zip
2022-05-02,daily,aggTrades,data/spot/daily/aggTrades/SANDUSDT/SANDUSDT-aggTrades-2022-05-02.zip
2022-05-03,daily,aggTrades,data/spot/daily/aggTrades/SANDUSDT/SANDUSDT-aggTrades-2022-05-03.zip
2022-05-04,daily,aggTrades,data/spot/daily/aggTrades/SANDUSDT/SANDUSDT-aggTrades-2022-05-04.zip
2022-05-05,daily,aggTrades,data/spot/daily/aggTrades/SANDUSDT/SANDUSDT-aggTrades-2022-05-05.zip
2022-05-06,daily,aggTrades,data/spot/daily/aggTrades/SANDUSDT/SANDUSDT-aggTrades-2022-05-06.zip
2022-05-07,daily,aggTrades,data/spot/daily/aggTrades/SANDUSDT/SANDUSDT-aggTrades-2022-05-07.zip
2022-05-08,daily,aggTrades,data/spot/daily/aggTrades/SANDUSDT/SANDUSDT-aggTrades-2022-05-08.zip
2022-05-09,daily,aggTrades,data/spot/daily/aggTrades/SANDUSDT/SANDUSDT-aggTrades-2022-05-09.zip
2022-05-10,daily,aggTrades,data/spot/daily/aggTrades/SANDUSDT/SANDUSDT-aggTrades-2022-05-10.zip
2022-05-11,daily,aggTrades,data/spot/daily/aggTrades/SANDUSDT/SANDUSDT-aggTrades-2022-05-11.zip
2022-05-12,daily,aggTrades,data/spot/daily/aggTrades/SANDUSDT/SANDUSDT-aggTrades-2022-05-12.zip
2022-05-13,daily,aggTrades,data/spot/daily/aggTrades/SANDUSDT/SANDUSDT-aggTrades-2022-05-13.zip
2022-05-14,daily,aggTrades,data/spot/daily/aggTrades/SANDUSDT/SANDUSDT-aggTrades-2022-05-14.zip
2022-05-15,daily,aggTrades,data/spot/daily/aggTrades/SANDUSDT/SANDUSDT-aggTrades-2022-05-15.zip
2022-05-16,daily,aggTrades,data/spot/daily/aggTrades/SANDUSDT/SANDUSDT-aggTrades-2022-05-16.zip
2022-05-17,daily,aggTrades,data/spot/daily/aggTrades/SANDUSDT/SANDUSDT-aggTrades-2022-05-17.zip
2022-05-18,daily,aggTrades,data/spot/daily/aggTrades/SANDUSDT/SANDUSDT-aggTrades-2022-05-18.zip
2022-05-19,daily,aggTrades,data/spot/daily/aggTrades/SANDUSDT/SANDUSDT-aggTrades-2022-05-19.zip
2022-05-20,daily,aggTrades,data/spot/daily/aggTrades/SANDUSDT/SANDUSDT-aggTrades-2022-05-20.zip
2022-05-21,daily,aggTrades,data/spot/daily/aggTrades/SANDUSDT/SANDUSDT-aggTrades-2022-05-21.zip
2022-05-22,daily,aggTrades,data/spot/daily/aggTrades/SANDUSDT/SANDUSDT-aggTrades-2022-05-22.zip
2022-05-23,daily,aggTrades,data/spot/daily/aggTrades/SANDUSDT/SANDUSDT-aggTrades-2022-05-23.zip
2022-05-24,daily,aggTrades,data/spot/daily/aggTrades/SANDUSDT/SANDUSDT-aggTrades-2022-05-24.zip
2022-05-25,daily,aggTrades,data/spot/daily/aggTrades/SANDUSDT/SANDUSDT-aggTrades-2022-05-25.zip
2022-05-26,daily,aggTrades,data/spot/daily/aggTrades/SANDUSDT/SANDUSDT-aggTrades-2022-05-26.zip
2022-05-27,daily,aggTrades,data/spot/daily/aggTrades/SANDUSDT/SANDUSDT-aggTrades-2022-05-27.zip
2022-05-28,daily,aggTrades,data/spot/daily/aggTrades/SANDUSDT/SANDUSDT-aggTrades-2022-05-28.zip
2022-05-29,daily,aggTrades,data/spot/daily/aggTrades/SANDUSDT/SANDUSDT-aggTrades-2022-05-29.zip
2022-05-30,daily,aggTrades,data/spot/daily/aggTrades/SANDUSDT/SANDUSDT-aggTrades-2022-05-30.zip
2022-05-31,daily,aggTrades,data/spot/daily/aggTrades/SANDUSDT/SANDUSDT-aggTrades-2022-05-31.zip
2022-06-01,daily,aggTrades,data/spot/daily/aggTrades/SANDUSDT/SANDUSDT-aggTrades-2022-06-01.zip
2022-06-01,monthly,aggTrades,data/spot/monthly/aggTrades/SANDUSDT/SANDUSDT-aggTrades-2022-06.zip
2022-06-01,monthly,trades,data/spot/monthly/trades/SANDUSDT/SANDUSDT-trades-2022-06.zip
2022-06-02,daily,aggTrades,data/spot/daily/aggTrades/SANDUSDT/SANDUSDT-aggTrades-2022-06-02.zip
2022-06-03,daily,aggTrades,data/spot/daily/aggTrades/SANDUSDT/SANDUSDT-aggTrades-2022-06-03.zip
2022-06-04,daily,aggTrades,data/spot/daily/aggTrades/SANDUSDT/SANDUSDT-aggTrades-2022-06-04.zip
2022-06-05,daily,aggTrades,data/spot/daily/aggTrades/SANDUSDT/SANDUSDT-aggTrades-2022-06-05.zip
2022-06-06,daily,aggTrades,data/spot/daily/aggTrades/SANDUSDT/SANDUSDT-aggTrades-2022-06-06.zip
2022-06-07,daily,aggTrades,data/spot/daily/aggTrades/SANDUSDT/SANDUSDT-aggTrades-2022-06-07.zip
2022-06-08,daily,aggTrades,data/spot/daily/aggTrades/SANDUSDT/SANDUSDT-aggTrades-2022-06-08.zip
2022-06-09,daily,aggTrades,data/spot/daily/aggTrades/SANDUSDT/SANDUSDT-aggTrades-2022-06-09.zip
2022-06-10,daily,aggTrades,data/spot/daily/aggTrades/SANDUSDT/SANDUSDT-aggTrades-2022-06-10.zip
2022-06-11,daily,aggTrades,data/spot/daily/aggTrades/SANDUSDT/SANDUSDT-aggTrades-2022-06-11.zip
2022-06-12,daily,aggTrades,data/spot/daily/aggTrades/SANDUSDT/SANDUSDT-aggTrades-2022-06-12.zip
2022-06-13,daily,aggTrades,data/spot/daily/aggTrades/SANDUSDT/SANDUSDT-aggTrades-2022-06-13.zip
2022-06-14,daily,aggTrades,data/spot/daily/aggTrades/SANDUSDT/SANDUSDT-aggTrades-2022-06-14.zip
2022-06-15,daily,aggTrades,data/spot/daily/aggTrades/SANDUSDT/SANDUSDT-aggTrades-2022-06-15.zip
2022-06-16,daily,aggTrades,data/spot/daily/aggTrades/SANDUSDT/SANDUSDT-aggTrades-2022-06-16.zip
2022-06-17,daily,aggTrades,data/spot/daily/aggTrades/SANDUSDT/SANDUSDT-aggTrades-2022-06-17.zip
2022-06-18,daily,aggTrades,data/spot/daily/aggTrades/SANDUSDT/SANDUSDT-aggTrades-2022-06-18.zip
2022-06-19,daily,aggTrades,data/spot/daily/aggTrades/SANDUSDT/SANDUSDT-aggTrades-2022-06-19.zip
2022-06-20,daily,aggTrades,data/spot/daily/aggTrades/SANDUSDT/SANDUSDT-aggTrades-2022-06-20.zip
2022-06-21,daily,aggTrades,data/spot/daily/aggTrades/SANDUSDT/SANDUSDT-aggTrades-2022-06-21.zip
2022-06-22,daily,aggTrades,data/spot/daily/aggTrades/SANDUSDT/SANDUSDT-aggTrades-2022-06-22.zip
2022-06-23,daily,aggTrades,data/spot/daily/aggTrades/SANDUSDT/SANDUSDT-aggTrades-2022-06-23.zip
2022-06-24,daily,aggTrades,data/spot/daily/aggTrades/SANDUSDT/SANDUSDT-aggTrades-2022-06-24.zip
2022-06-25,daily,aggTrades,data/spot/daily/aggTrades/SANDUSDT/SANDUSDT-aggTrades-2022-06-25.zip
2022-06-26,daily,aggTrades,data/spot/daily/aggTrades/SANDUSDT/SANDUSDT-aggTrades-2022-06-26.zip
2022-06-27,daily,aggTrades,data/spot/daily/aggTrades/SANDUSDT/SANDUSDT-aggTrades-2022-06-27.zip
2022-06-28,daily,aggTrades,data/spot/daily/aggTrades/SANDUSDT/SANDUSDT-aggTrades-2022-06-28.zip
2022-06-29,daily,aggTrades,data/spot/daily/aggTrades/SANDUSDT/SANDUSDT-aggTrades-2022-06-29.zip
2022-06-30,daily,aggTrades,data/spot/daily/aggTrades/SANDUSDT/SANDUSDT-aggTrades-2022-06-30.zip
2022-07-01,daily,aggTrades,data/spot/daily/aggTrades/SANDUSDT/SANDUSDT-aggTrades-2022-07-01.zip
2022-07-01,monthly,aggTrades,data/spot/monthly/aggTrades/SANDUSDT/SANDUSDT-aggTrades-2022-07.zip
2022-07-01,monthly,trades,data/spot/monthly/trades/SANDUSDT/SANDUSDT-trades-2022-07.zip
2022-07-02,daily,aggTrades,data/spot/daily/aggTrades/SANDUSDT/SANDUSDT-aggTrades-2022-07-02.zip
2022-07-03,daily,aggTrades,data/spot/daily/aggTrades/SANDUSDT/SANDUSDT-aggTrades-2022-07-03.zip
2022-07-04,daily,aggTrades,data/spot/daily/aggTrades/SANDUSDT/SANDUSDT-aggTrades-2022-07-04.zip
2022-07-05,daily,aggTrades,data/spot/daily/aggTrades/SANDUSDT/SANDUSDT-aggTrades-2022-07-05.zip
2022-07-06,daily,aggTrades,data/spot/daily/aggTrades/SANDUSDT/SANDUSDT-aggTrades-2022-07-06.zip
2022-07-07,daily,aggTrades,data/spot/daily/aggTrades/SANDUSDT/SANDUSDT-aggTrades-2022-07-07.zip
2022-07-08,daily,aggTrades,data/spot/daily/aggTrades/SANDUSDT/SANDUSDT-aggTrades-2022-07-08.zip
2022-07-09,daily,aggTrades,data/spot/daily/aggTrades/SANDUSDT/SANDUSDT-aggTrades-2022-07-09.zip
2022-07-10,daily,aggTrades,data/spot/daily/aggTrades/SANDUSDT/SANDUSDT-aggTrades-2022-07-10.zip
2022-07-11,daily,aggTrades,data/spot/daily/aggTrades/SANDUSDT/SANDUSDT-aggTrades-2022-07-11.zip
2022-07-12,daily,aggTrades,data/spot/daily/aggTrades/SANDUSDT/SANDUSDT-aggTrades-2022-07-12.zip
2022-07-13,daily,aggTrades,data/spot/daily/aggTrades/SANDUSDT/SANDUSDT-aggTrades-2022-07-13.zip
2022-07-14,daily,aggTrades,data/spot/daily/aggTrades/SANDUSDT/SANDUSDT-aggTrades-2022-07-14.zip
2022-07-15,daily,aggTrades,data/spot/daily/aggTrades/SANDUSDT/SANDUSDT-aggTrades-2022-07-15.zip
2022-07-16,daily,aggTrades,data/spot/daily/aggTrades/SANDUSDT/SANDUSDT-aggTrades-2022-07-16.zip
2022-07-17,daily,aggTrades,data/spot/daily/aggTrades/SANDUSDT/SANDUSDT-aggTrades-2022-07-17.zip
2022-07-18,daily,aggTrades,data/spot/daily/aggTrades/SANDUSDT/SANDUSDT-aggTrades-2022-07-18.zip
2022-07-19,daily,aggTrades,data/spot/daily/aggTrades/SANDUSDT/SANDUSDT-aggTrades-2022-07-19.zip
2022-07-20,daily,aggTrades,data/spot/daily/aggTrades/SANDUSDT/SANDUSDT-aggTrades-2022-07-20.zip
2022-07-21,daily,aggTrades,data/spot/daily/aggTrades/SANDUSDT/SANDUSDT-aggTrades-2022-07-21.zip
2022-07-22,daily,aggTrades,data/spot/daily/aggTrades/SANDUSDT/SANDUSDT-aggTrades-2022-07-22.zip
2022-07-23,daily,aggTrades,data/spot/daily/aggTrades/SANDUSDT/SANDUSDT-aggTrades-2022-07-23.zip
2022-07-24,daily,aggTrades,data/spot/daily/aggTrades/SANDUSDT/SANDUSDT-aggTrades-2022-07-24.zip
2022-07-25,daily,aggTrades,data/spot/daily/aggTrades/SANDUSDT/SANDUSDT-aggTrades-2022-07-25.zip
2022-07-26,daily,aggTrades,data/spot/daily/aggTrades/SANDUSDT/SANDUSDT-aggTrades-2022-07-26.zip
2022-07-27,daily,aggTrades,data/spot/daily/aggTrades/SANDUSDT/SANDUSDT-aggTrades-2022-07-27.zip
2022-07-28,daily,aggTrades,data/spot/daily/aggTrades/SANDUSDT/SANDUSDT-aggTrades-2022-07-28.zip
2022-07-29,daily,aggTrades,data/spot/daily/aggTrades/SANDUSDT/SANDUSDT-aggTrades-2022-07-29.zip
2022-07-30,daily,aggTrades,data/spot/daily/aggTrades/SANDUSDT/SANDUSDT-aggTrades-2022-07-30.zip
2022-07-31,daily,aggTrades,data/spot/daily/aggTrades/SANDUSDT/SANDUSDT-aggTrades-2022-07-31.zip
2022-08-01,daily,aggTrades,data/spot/daily/aggTrades/SANDUSDT/SANDUSDT-aggTrades-2022-08-01.zip
2022-08-01,monthly,aggTrades,data/spot/monthly/aggTrades/SANDUSDT/SANDUSDT-aggTrades-2022-08.zip
2022-08-01,monthly,trades,data/spot/monthly/trades/SANDUSDT/SANDUSDT-trades-2022-08.zip
2022-08-02,daily,aggTrades,data/spot/daily/aggTrades/SANDUSDT/SANDUSDT-aggTrades-2022-08-02.zip
2022-08-03,daily,aggTrades,data/spot/daily/aggTrades/SANDUSDT/SANDUSDT-aggTrades-2022-08-03.zip
2022-08-04,daily,aggTrades,data/spot/daily/aggTrades/SANDUSDT/SANDUSDT-aggTrades-2022-08-04.zip
2022-08-05,daily,aggTrades,data/spot/daily/aggTrades/SANDUSDT/SANDUSDT-aggTrades-2022-08-05.zip
2022-08-06,daily,aggTrades,data/spot/daily/aggTrades/SANDUSDT/SANDUSDT-aggTrades-2022-08-06.zip
2022-08-07,daily,aggTrades,data/spot/daily/aggTrades/SANDUSDT/SANDUSDT-aggTrades-2022-08-07.zip
2022-08-08,daily,aggTrades,data/spot/daily/aggTrades/SANDUSDT/SANDUSDT-aggTrades-2022-08-08.zip
2022-08-09,daily,aggTrades,data/spot/daily/aggTrades/SANDUSDT/SANDUSDT-aggTrades-2022-08-09.zip
2022-08-10,daily,aggTrades,data/spot/daily/aggTrades/SANDUSDT/SANDUSDT-aggTrades-2022-08-10.zip
2022-08-11,daily,aggTrades,data/spot/daily/aggTrades/SANDUSDT/SANDUSDT-aggTrades-2022-08-11.zip
2022-08-12,daily,aggTrades,data/spot/daily/aggTrades/SANDUSDT/SANDUSDT-aggTrades-2022-08-12.zip
2022-08-13,daily,aggTrades,data/spot/daily/aggTrades/SANDUSDT/SANDUSDT-aggTrades-2022-08-13.zip
2022-08-14,daily,aggTrades,data/spot/daily/aggTrades/SANDUSDT/SANDUSDT-aggTrades-2022-08-14.zip
2022-08-15,daily,aggTrades,data/spot/daily/aggTrades/SANDUSDT/SANDUSDT-aggTrades-2022-08-15.zip
2022-08-16,daily,aggTrades,data/spot/daily/aggTrades/SANDUSDT/SANDUSDT-aggTrades-2022-08-16.zip
2022-08-17,daily,aggTrades,data/spot/daily/aggTrades/SANDUSDT/SANDUSDT-aggTrades-2022-08-17.zip
2022-08-18,daily,aggTrades,data/spot/daily/aggTrades/SANDUSDT/SANDUSDT-aggTrades-2022-08-18.zip
2022-08-19,daily,aggTrades,data/spot/daily/aggTrades/SANDUSDT/SANDUSDT-aggTrades-2022-08-19.zip
2022-08-20,daily,aggTrades,data/spot/daily/aggTrades/SANDUSDT/SANDUSDT-aggTrades-2022-08-20.zip
2022-08-21,daily,aggTrades,data/spot/daily/aggTrades/SANDUSDT/SANDUSDT-aggTrades-2022-08-21.zip
2022-08-22,daily,aggTrades,data/spot/daily/aggTrades/SANDUSDT/SANDUSDT-aggTrades-2022-08-22.zip
2022-08-23,daily,aggTrades,data/spot/daily/aggTrades/SANDUSDT/SANDUSDT-aggTrades-2022-08-23.zip
2022-08-24,daily,aggTrades,data/spot/daily/aggTrades/SANDUSDT/SANDUSDT-aggTrades-2022-08-24.zip
2022-08-25,daily,aggTrades,data/spot/daily/aggTrades/SANDUSDT/SANDUSDT-aggTrades-2022-08-25.zip
2022-08-26,daily,aggTrades,data/spot/daily/aggTrades/SANDUSDT/SANDUSDT-aggTrades-2022-08-26.zip
2022-08-27,daily,aggTrades,data/spot/daily/aggTrades/SANDUSDT/SANDUSDT-aggTrades-2022-08-27.zip
2022-08-28,daily,aggTrades,data/spot/daily/aggTrades/SANDUSDT/SANDUSDT-aggTrades-2022-08-28.zip
2022-08-29,daily,aggTrades,data/spot/daily/aggTrades/SANDUSDT/SANDUSDT-aggTrades-2022-08-29.zip
2022-08-30,daily,aggTrades,data/spot/daily/aggTrades/SANDUSDT/SANDUSDT-aggTrades-2022-08-30.zip
2022-08-31,daily,aggTrades,data/spot/daily/aggTrades/SANDUSDT/SANDUSDT-aggTrades-2022-08-31.zip
2022-09-01,daily,aggTrades,data/spot/daily/aggTrades/SANDUSDT/SANDUSDT-aggTrades-2022-09-01.zip
2022-09-01,monthly,aggTrades,data/spot/monthly/aggTrades/SANDUSDT/SANDUSDT-aggTrades-2022-09.zip
2022-09-01,monthly,trades,data/spot/monthly/trades/SANDUSDT/SANDUSDT-trades-2022-09.zip
2022-09-02,daily,aggTrades,data/spot/daily/aggTrades/SANDUSDT/SANDUSDT-aggTrades-2022-09-02.zip
2022-09-03,daily,aggTrades,data/spot/daily/aggTrades/SANDUSDT/SANDUSDT-aggTrades-2022-09-03.zip
2022-09-04,daily,aggTrades,data/spot/daily/aggTrades/SANDUSDT/SANDUSDT-aggTrades-2022-09-04.zip
2022-09-05,daily,aggTrades,data/spot/daily/aggTrades/SANDUSDT/SANDUSDT-aggTrades-2022-09-05.zip
2022-09-06,daily,aggTrades,data/spot/daily/aggTrades/SANDUSDT/SANDUSDT-aggTrades-2022-09-06.zip
2022-09-07,daily,aggTrades,data/spot/daily/aggTrades/SANDUSDT/SANDUSDT-aggTrades-2022-09-07.zip
2022-09-08,daily,aggTrades,data/spot/daily/aggTrades/SANDUSDT/SANDUSDT-aggTrades-2022-09-08.zip
2022-09-09,daily,aggTrades,data/spot/daily/aggTrades/SANDUSDT/SANDUSDT-aggTrades-2022-09-09.zip
2022-09-10,daily,aggTrades,data/spot/daily/aggTrades/SANDUSDT/SANDUSDT-aggTrades-2022-09-10.zip
2022-09-11,daily,aggTrades,data/spot/daily/aggTrades/SANDUSDT/SANDUSDT-aggTrades-2022-09-11.zip
2022-09-12,daily,aggTrades,data/spot/daily/aggTrades/SANDUSDT/SANDUSDT-aggTrades-2022-09-12.zip
2022-09-13,daily,aggTrades,data/spot/daily/aggTrades/SANDUSDT/SANDUSDT-aggTrades-2022-09-13.zip
2022-09-14,daily,aggTrades,data/spot/daily/aggTrades/SANDUSDT/SANDUSDT-aggTrades-2022-09-14.zip
2022-09-15,daily,aggTrades,data/spot/daily/aggTrades/SANDUSDT/SANDUSDT-aggTrades-2022-09-15.zip
2022-09-16,daily,aggTrades,data/spot/daily/aggTrades/SANDUSDT/SANDUSDT-aggTrades-2022-09-16.zip
2022-09-17,daily,aggTrades,data/spot/daily/aggTrades/SANDUSDT/SANDUSDT-aggTrades-2022-09-17.zip
2022-09-18,daily,aggTrades,data/spot/daily/aggTrades/SANDUSDT/SANDUSDT-aggTrades-2022-09-18.zip
2022-09-19,daily,aggTrades,data/spot/daily/aggTrades/SANDUSDT/SANDUSDT-aggTrades-2022-09-19.zip
2022-09-20,daily,aggTrades,data/spot/daily/aggTrades/SANDUSDT/SANDUSDT-aggTrades-2022-09-20.zip
2022-09-21,daily,aggTrades,data/spot/daily/aggTrades/SANDUSDT/SANDUSDT-aggTrades-2022-09-21.zip
2022-09-22,daily,aggTrades,data/spot/daily/aggTrades/SANDUSDT/SANDUSDT-aggTrades-2022-09-22.zip
2022-09-23,daily,aggTrades,data/spot/daily/aggTrades/SANDUSDT/SANDUSDT-aggTrades-2022-09-23.zip
2022-09-24,daily,aggTrades,data/spot/daily/aggTrades/SANDUSDT/SANDUSDT-aggTrades-2022-09-24.zip
2022-09-25,daily,aggTrades,data/spot/daily/aggTrades/SANDUSDT/SANDUSDT-aggTrades-2022-09-25.zip
2022-09-26,daily,aggTrades,data/spot/daily/aggTrades/SANDUSDT/SANDUSDT-aggTrades-2022-09-26.zip
2022-09-27,daily,aggTrades,data/spot/daily/aggTrades/SANDUSDT/SANDUSDT-aggTrades-2022-09-27.zip
2022-09-28,daily,aggTrades,data/spot/daily/aggTrades/SANDUSDT/SANDUSDT-aggTrades-2022-09-28.zip
2022-09-29,daily,aggTrades,data/spot/daily/aggTrades/SANDUSDT/SANDUSDT-aggTrades-2022-09-29.zip
2022-09-30,daily,aggTrades,data/spot/daily/aggTrades/SANDUSDT/SANDUSDT-aggTrades-2022-09-30.zip
2022-10-01,daily,aggTrades,data/spot/daily/aggTrades/SANDUSDT/SANDUSDT-aggTrades-2022-10-01.zip
2022-10-01,monthly,aggTrades,data/spot/monthly/aggTrades/SANDUSDT/SANDUSDT-aggTrades-2022-10.zip
2022-10-01,monthly,trades,data/spot/monthly/trades/SANDUSDT/SANDUSDT-trades-2022-10.zip
2022-10-02,daily,aggTrades,data/spot/daily/aggTrades/SANDUSDT/SANDUSDT-aggTrades-2022-10-02.zip
2022-10-03,daily,aggTrades,data/spot/daily/aggTrades/SANDUSDT/SANDUSDT-aggTrades-2022-10-03.zip
2022-10-04,daily,aggTrades,data/spot/daily/aggTrades/SANDUSDT/SANDUSDT-aggTrades-2022-10-04.zip
2022-10-05,daily,aggTrades,data/spot/daily/aggTrades/SANDUSDT/SANDUSDT-aggTrades-2022-10-05.zip
2022-10-06,daily,aggTrades,data/spot/daily/aggTrades/SANDUSDT/SANDUSDT-aggTrades-2022-10-06.zip
2022-10-07,daily,aggTrades,data/spot/daily/aggTrades/SANDUSDT/SANDUSDT-aggTrades-2022-10-07.zip
2022-10-08,daily,aggTrades,data/spot/daily/aggTrades/SANDUSDT/SANDUSDT-aggTrades-2022-10-08.zip
2022-10-09,daily,aggTrades,data/spot/daily/aggTrades/SANDUSDT/SANDUSDT-aggTrades-2022-10-09.zip
2022-10-10,daily,aggTrades,data/spot/daily/aggTrades/SANDUSDT/SANDUSDT-aggTrades-2022-10-10.zip
2022-10-11,daily,aggTrades,data/spot/daily/aggTrades/SANDUSDT/SANDUSDT-aggTrades-2022-10-11.zip
2022-10-12,daily,aggTrades,data/spot/daily/aggTrades/SANDUSDT/SANDUSDT-aggTrades-2022-10-12.zip
2022-10-13,daily,aggTrades,data/spot/daily/aggTrades/SANDUSDT/SANDUSDT-aggTrades-2022-10-13.zip
2022-10-14,daily,aggTrades,data/spot/daily/aggTrades/SANDUSDT/SANDUSDT-aggTrades-2022-10-14.zip
2022-10-15,daily,aggTrades,data/spot/daily/aggTrades/SANDUSDT/SANDUSDT-aggTrades-2022-10-15.zip
2022-10-16,daily,aggTrades,data/spot/daily/aggTrades/SANDUSDT/SANDUSDT-aggTrades-2022-10-16.zip
2022-10-17,daily,aggTrades,data/spot/daily/aggTrades/SANDUSDT/SANDUSDT-aggTrades-2022-10-17.zip
2022-10-18,daily,aggTrades,data/spot/daily/aggTrades/SANDUSDT/SANDUSDT-aggTrades-2022-10-18.zip
2022-10-19,daily,aggTrades,data/spot/daily/aggTrades/SANDUSDT/SANDUSDT-aggTrades-2022-10-19.zip
2022-10-20,daily,aggTrades,data/spot/daily/aggTrades/SANDUSDT/SANDUSDT-aggTrades-2022-10-20.zip
2022-10-21,daily,aggTrades,data/spot/daily/aggTrades/SANDUSDT/SANDUSDT-aggTrades-2022-10-21.zip
2022-10-22,daily,aggTrades,data/spot/daily/aggTrades/SANDUSDT/SANDUSDT-aggTrades-2022-10-22.zip
2022-10-23,daily,aggTrades,data/spot/daily/aggTrades/SANDUSDT/SANDUSDT-aggTrades-2022-10-23.zip
2022-10-24,daily,aggTrades,data/spot/daily/aggTrades/SANDUSDT/SANDUSDT-aggTrades-2022-10-24.zip
2022-10-25,daily,aggTrades,data/spot/daily/aggTrades/SANDUSDT/SANDUSDT-aggTrades-2022-10-25.zip
2022-10-26,daily,aggTrades,data/spot/daily/aggTrades/SANDUSDT/SANDUSDT-aggTrades-2022-10-26.zip
2022-10-27,daily,aggTrades,data/spot/daily/aggTrades/SANDUSDT/SANDUSDT-aggTrades-2022-10-27.zip
2022-10-28,daily,aggTrades,data/spot/daily/aggTrades/SANDUSDT/SANDUSDT-aggTrades-2022-10-28.zip
2022-10-29,daily,aggTrades,data/spot/daily/aggTrades/SANDUSDT/SANDUSDT-aggTrades-2022-10-29.zip
2022-10-30,daily,aggTrades,data/spot/daily/aggTrades/SANDUSDT/SANDUSDT-aggTrades-2022-10-30.zip
2022-10-31,daily,aggTrades,data/spot/daily/aggTrades/SANDUSDT/SANDUSDT-aggTrades-2022-10-31.zip
2022-11-01,daily,aggTrades,data/spot/daily/aggTrades/SANDUSDT/SANDUSDT-aggTrades-2022-11-01.zip
2022-11-01,monthly,aggTrades,data/spot/monthly/aggTrades/SANDUSDT/SANDUSDT-aggTrades-2022-11.zip
2022-11-01,monthly,trades,data/spot/monthly/trades/SANDUSDT/SANDUSDT-trades-2022-11.zip
2022-11-02,daily,aggTrades,data/spot/daily/aggTrades/SANDUSDT/SANDUSDT-aggTrades-2022-11-02.zip
2022-11-03,daily,aggTrades,data/spot/daily/aggTrades/SANDUSDT/SANDUSDT-aggTrades-2022-11-03.zip
2022-11-04,daily,aggTrades,data/spot/daily/aggTrades/SANDUSDT/SANDUSDT-aggTrades-2022-11-04.zip
2022-11-05,daily,aggTrades,data/spot/daily/aggTrades/SANDUSDT/SANDUSDT-aggTrades-2022-11-05.zip
2022-11-06,daily,aggTrades,data/spot/daily/aggTrades/SANDUSDT/SANDUSDT-aggTrades-2022-11-06.zip
2022-11-07,daily,aggTrades,data/spot/daily/aggTrades/SANDUSDT/SANDUSDT-aggTrades-2022-11-07.zip
2022-11-08,daily,aggTrades,data/spot/daily/aggTrades/SANDUSDT/SANDUSDT-aggTrades-2022-11-08.zip
2022-11-09,daily,aggTrades,data/spot/daily/aggTrades/SANDUSDT/SANDUSDT-aggTrades-2022-11-09.zip
2022-11-10,daily,aggTrades,data/spot/daily/aggTrades/SANDUSDT/SANDUSDT-aggTrades-2022-11-10.zip
2022-11-11,daily,aggTrades,data/spot/daily/aggTrades/SANDUSDT/SANDUSDT-aggTrades-2022-11-11.zip
2022-11-12,daily,aggTrades,data/spot/daily/aggTrades/SANDUSDT/SANDUSDT-aggTrades-2022-11-12.zip
2022-11-13,daily,aggTrades,data/spot/daily/aggTrades/SANDUSDT/SANDUSDT-aggTrades-2022-11-13.zip
2022-11-14,daily,aggTrades,data/spot/daily/aggTrades/SANDUSDT/SANDUSDT-aggTrades-2022-11-14.zip
2022-11-15,daily,aggTrades,data/spot/daily/aggTrades/SANDUSDT/SANDUSDT-aggTrades-2022-11-15.zip
2022-11-16,daily,aggTrades,data/spot/daily/aggTrades/SANDUSDT/SANDUSDT-aggTrades-2022-11-16.zip
2022-11-17,daily,aggTrades,data/spot/daily/aggTrades/SANDUSDT/SANDUSDT-aggTrades-2022-11-17.zip
2022-11-18,daily,aggTrades,data/spot/daily/aggTrades/SANDUSDT/SANDUSDT-aggTrades-2022-11-18.zip
2022-11-19,daily,aggTrades,data/spot/daily/aggTrades/SANDUSDT/SANDUSDT-aggTrades-2022-11-19.zip
2022-11-20,daily,aggTrades,data/spot/daily/aggTrades/SANDUSDT/SANDUSDT-aggTrades-2022-11-20.zip
2022-11-21,daily,aggTrades,data/spot/daily/aggTrades/SANDUSDT/SANDUSDT-aggTrades-2022-11-21.zip
2022-11-22,daily,aggTrades,data/spot/daily/aggTrades/SANDUSDT/SANDUSDT-aggTrades-2022-11-22.zip
2022-11-23,daily,aggTrades,data/spot/daily/aggTrades/SANDUSDT/SANDUSDT-aggTrades-2022-11-23.zip
2022-11-24,daily,aggTrades,data/spot/daily/aggTrades/SANDUSDT/SANDUSDT-aggTrades-2022-11-24.zip
2022-11-25,daily,aggTrades,data/spot/daily/aggTrades/SANDUSDT/SANDUSDT-aggTrades-2022-11-25.zip
2022-11-26,daily,aggTrades,data/spot/daily/aggTrades/SANDUSDT/SANDUSDT-aggTrades-2022-11-26.zip
2022-11-27,daily,aggTrades,data/spot/daily/aggTrades/SANDUSDT/SANDUSDT-aggTrades-2022-11-27.zip
2022-11-28,daily,aggTrades,data/spot/daily/aggTrades/SANDUSDT/SANDUSDT-aggTrades-2022-11-28.zip
2022-11-29,daily,aggTrades,data/spot/daily/aggTrades/SANDUSDT/SANDUSDT-aggTrades-2022-11-29.zip
2022-11-30,daily,aggTrades,data/spot/daily/aggTrades/SANDUSDT/SANDUSDT-aggTrades-2022-11-30.zip
2022-12-01,daily,aggTrades,data/spot/daily/aggTrades/SANDUSDT/SANDUSDT-aggTrades-2022-12-01.zip
2022-12-01,monthly,aggTrades,data/spot/monthly/aggTrades/SANDUSDT/SANDUSDT-aggTrades-2022-12.zip
2022-12-01,monthly,trades,data/spot/monthly/trades/SANDUSDT/SANDUSDT-trades-2022-12.zip
2022-12-02,daily,aggTrades,data/spot/daily/aggTrades/SANDUSDT/SANDUSDT-aggTrades-2022-12-02.zip
2022-12-03,daily,aggTrades,data/spot/daily/aggTrades/SANDUSDT/SANDUSDT-aggTrades-2022-12-03.zip
2022-12-04,daily,aggTrades,data/spot/daily/aggTrades/SANDUSDT/SANDUSDT-aggTrades-2022-12-04.zip
2022-12-05,daily,aggTrades,data/spot/daily/aggTrades/SANDUSDT/SANDUSDT-aggTrades-2022-12-05.zip
2022-12-06,daily,aggTrades,data/spot/daily/aggTrades/SANDUSDT/SANDUSDT-aggTrades-2022-12-06.zip
2022-12-07,daily,aggTrades,data/spot/daily/aggTrades/SANDUSDT/SANDUSDT-aggTrades-2022-12-07.zip
2022-12-08,daily,aggTrades,data/spot/daily/aggTrades/SANDUSDT/SANDUSDT-aggTrades-2022-12-08.zip
2022-12-09,daily,aggTrades,data/spot/daily/aggTrades/SANDUSDT/SANDUSDT-aggTrades-2022-12-09.zip
2022-12-10,daily,aggTrades,data/spot/daily/aggTrades/SANDUSDT/SANDUSDT-aggTrades-2022-12-10.zip
2022-12-11,daily,aggTrades,data/spot/daily/aggTrades/SANDUSDT/SANDUSDT-aggTrades-2022-12-11.zip
2022-12-12,daily,aggTrades,data/spot/daily/aggTrades/SANDUSDT/SANDUSDT-aggTrades-2022-12-12.zip
2022-12-13,daily,aggTrades,data/spot/daily/aggTrades/SANDUSDT/SANDUSDT-aggTrades-2022-12-13.zip
2022-12-14,daily,aggTrades,data/spot/daily/aggTrades/SANDUSDT/SANDUSDT-aggTrades-2022-12-14.zip
2022-12-15,daily,aggTrades,data/spot/daily/aggTrades/SANDUSDT/SANDUSDT-aggTrades-2022-12-15.zip
2022-12-16,daily,aggTrades,data/spot/daily/aggTrades/SANDUSDT/SANDUSDT-aggTrades-2022-12-16.zip
2022-12-17,daily,aggTrades,data/spot/daily/aggTrades/SANDUSDT/SANDUSDT-aggTrades-2022-12-17.zip
2022-12-18,daily,aggTrades,data/spot/daily/aggTrades/SANDUSDT/SANDUSDT-aggTrades-2022-12-18.zip
2022-12-19,daily,aggTrades,data/spot/daily/aggTrades/SANDUSDT/SANDUSDT-aggTrades-2022-12-19.zip
2022-12-20,daily,aggTrades,data/spot/daily/aggTrades/SANDUSDT/SANDUSDT-aggTrades-2022-12-20.zip
2022-12-21,daily,aggTrades,data/spot/daily/aggTrades/SANDUSDT/SANDUSDT-aggTrades-2022-12-21.zip
2022-12-22,daily,aggTrades,data/spot/daily/aggTrades/SANDUSDT/SANDUSDT-aggTrades-2022-12-22.zip
2022-12-23,daily,aggTrades,data/spot/daily/aggTrades/SANDUSDT/SANDUSDT-aggTrades-2022-12-23.zip
2022-12-24,daily,aggTrades,data/spot/daily/aggTrades/SANDUSDT/SANDUSDT-aggTrades-2022-12-24.zip
2022-12-25,daily,aggTrades,data/spot/daily/aggTrades/SANDUSDT/SANDUSDT-aggTrades-2022-12-25.zip
2022-12-26,daily,aggTrades,data/spot/daily/aggTrades/SANDUSDT/SANDUSDT-aggTrades-2022-12-26.zip
2022-12-27,daily,aggTrades,data/spot/daily/aggTrades/SANDUSDT/SANDUSDT-aggTrades-2022-12-27.zip
2022-12-28,daily,aggTrades,data/spot/daily/aggTrades/SANDUSDT/SANDUSDT-aggTrades-2022-12-28.zip
2022-12-29,daily,aggTrades,data/spot/daily/aggTrades/SANDUSDT/SANDUSDT-aggTrades-2022-12-29.zip
2022-12-30,daily,aggTrades,data/spot/daily/aggTrades/SANDUSDT/SANDUSDT-aggTrades-2022-12-30.zip
2022-12-31,daily,aggTrades,data/spot/daily/aggTrades/SANDUSDT/SANDUSDT-aggTrades-2022-12-31.zip
2023-01-01,daily,aggTrades,data/spot/daily/aggTrades/SANDUSDT/SANDUSDT-aggTrades-2023-01-01.zip
2023-01-01,monthly,aggTrades,data/spot/monthly/aggTrades/SANDUSDT/SANDUSDT-aggTrades-2023-01.zip
2023-01-01,monthly,trades,data/spot/monthly/trades/SANDUSDT/SANDUSDT-trades-2023-01.zip
2023-01-02,daily,aggTrades,data/spot/daily/aggTrades/SANDUSDT/SANDUSDT-aggTrades-2023-01-02.zip
2023-01-03,daily,aggTrades,data/spot/daily/aggTrades/SANDUSDT/SANDUSDT-aggTrades-2023-01-03.zip
2023-01-04,daily,aggTrades,data/spot/daily/aggTrades/SANDUSDT/SANDUSDT-aggTrades-2023-01-04.zip
2023-01-05,daily,aggTrades,data/spot/daily/aggTrades/SANDUSDT/SANDUSDT-aggTrades-2023-01-05.zip
2023-01-06,daily,aggTrades,data/spot/daily/aggTrades/SANDUSDT/SANDUSDT-aggTrades-2023-01-06.zip
2023-01-07,daily,aggTrades,data/spot/daily/aggTrades/SANDUSDT/SANDUSDT-aggTrades-2023-01-07.zip
2023-01-08,daily,aggTrades,data/spot/daily/aggTrades/SANDUSDT/SANDUSDT-aggTrades-2023-01-08.zip
2023-01-09,daily,aggTrades,data/spot/daily/aggTrades/SANDUSDT/SANDUSDT-aggTrades-2023-01-09.zip
2023-01-10,daily,aggTrades,data/spot/daily/aggTrades/SANDUSDT/SANDUSDT-aggTrades-2023-01-10.zip
2023-01-11,daily,aggTrades,data/spot/daily/aggTrades/SANDUSDT/SANDUSDT-aggTrades-2023-01-11.zip
2023-01-12,daily,aggTrades,data/spot/daily/aggTrades/SANDUSDT/SANDUSDT-aggTrades-2023-01-12.zip
2023-01-13,daily,aggTrades,data/spot/daily/aggTrades/SANDUSDT/SANDUSDT-aggTrades-2023-01-13.zip
2023-01-14,daily,aggTrades,data/spot/daily/aggTrades/SANDUSDT/SANDUSDT-aggTrades-2023-01-14.zip
2023-01-15,daily,aggTrades,data/spot/daily/aggTrades/SANDUSDT/SANDUSDT-aggTrades-2023-01-15.zip
2023-01-16,daily,aggTrades,data/spot/daily/aggTrades/SANDUSDT/SANDUSDT-aggTrades-2023-01-16.zip
2023-01-17,daily,aggTrades,data/spot/daily/aggTrades/SANDUSDT/SANDUSDT-aggTrades-2023-01-17.zip
2023-01-18,daily,aggTrades,data/spot/daily/aggTrades/SANDUSDT/SANDUSDT-aggTrades-2023-01-18.zip
2023-01-19,daily,aggTrades,data/spot/daily/aggTrades/SANDUSDT/SANDUSDT-aggTrades-2023-01-19.zip
2023-01-20,daily,aggTrades,data/spot/daily/aggTrades/SANDUSDT/SANDUSDT-aggTrades-2023-01-20.zip
2023-01-21,daily,aggTrades,data/spot/daily/aggTrades/SANDUSDT/SANDUSDT-aggTrades-2023-01-21.zip
2023-01-22,daily,aggTrades,data/spot/daily/aggTrades/SANDUSDT/SANDUSDT-aggTrades-2023-01-22.zip
2023-01-23,daily,aggTrades,data/spot/daily/aggTrades/SANDUSDT/SANDUSDT-aggTrades-2023-01-23.zip
2023-01-24,daily,aggTrades,data/spot/daily/aggTrades/SANDUSDT/SANDUSDT-aggTrades-2023-01-24.zip
2023-01-25,daily,aggTrades,data/spot/daily/aggTrades/SANDUSDT/SANDUSDT-aggTrades-2023-01-25.zip
2023-01-26,daily,aggTrades,data/spot/daily/aggTrades/SANDUSDT/SANDUSDT-aggTrades-2023-01-26.zip
2023-01-27,daily,aggTrades,data/spot/daily/aggTrades/SANDUSDT/SANDUSDT-aggTrades-2023-01-27.zip
2023-01-28,daily,aggTrades,data/spot/daily/aggTrades/SANDUSDT/SANDUSDT-aggTrades-2023-01-28.zip
2023-01-29,daily,aggTrades,data/spot/daily/aggTrades/SANDUSDT/SANDUSDT-aggTrades-2023-01-29.zip
2023-01-30,daily,aggTrades,data/spot/daily/aggTrades/SANDUSDT/SANDUSDT-aggTrades-2023-01-30.zip
2023-01-31,daily,aggTrades,data/spot/daily/aggTrades/SANDUSDT/SANDUSDT-aggTrades-2023-01-31.zip
2023-02-01,daily,aggTrades,data/spot/daily/aggTrades/SANDUSDT/SANDUSDT-aggTrades-2023-02-01.zip
2023-02-01,monthly,aggTrades,data/spot/monthly/aggTrades/SANDUSDT/SANDUSDT-aggTrades-2023-02.zip
2023-02-01,monthly,trades,data/spot/monthly/trades/SANDUSDT/SANDUSDT-trades-2023-02.zip
2023-02-02,daily,aggTrades,data/spot/daily/aggTrades/SANDUSDT/SANDUSDT-aggTrades-2023-02-02.zip
2023-02-03,daily,aggTrades,data/spot/daily/aggTrades/SANDUSDT/SANDUSDT-aggTrades-2023-02-03.zip
2023-02-04,daily,aggTrades,data/spot/daily/aggTrades/SANDUSDT/SANDUSDT-aggTrades-2023-02-04.zip
2023-02-05,daily,aggTrades,data/spot/daily/aggTrades/SANDUSDT/SANDUSDT-aggTrades-2023-02-05.zip
2023-02-06,daily,aggTrades,data/spot/daily/aggTrades/SANDUSDT/SANDUSDT-aggTrades-2023-02-06.zip
2023-02-07,daily,aggTrades,data/spot/daily/aggTrades/SANDUSDT/SANDUSDT-aggTrades-2023-02-07.zip
2023-02-08,daily,aggTrades,data/spot/daily/aggTrades/SANDUSDT/SANDUSDT-aggTrades-2023-02-08.zip
2023-02-09,daily,aggTrades,data/spot/daily/aggTrades/SANDUSDT/SANDUSDT-aggTrades-2023-02-09.zip
2023-02-10,daily,aggTrades,data/spot/daily/aggTrades/SANDUSDT/SANDUSDT-aggTrades-2023-02-10.zip
2023-02-11,daily,aggTrades,data/spot/daily/aggTrades/SANDUSDT/SANDUSDT-aggTrades-2023-02-11.zip
2023-02-12,daily,aggTrades,data/spot/daily/aggTrades/SANDUSDT/SANDUSDT-aggTrades-2023-02-12.zip
2023-02-13,daily,aggTrades,data/spot/daily/aggTrades/SANDUSDT/SANDUSDT-aggTrades-2023-02-13.zip
2023-02-14,daily,aggTrades,data/spot/daily/aggTrades/SANDUSDT/SANDUSDT-aggTrades-2023-02-14.zip
2023-02-15,daily,aggTrades,data/spot/daily/aggTrades/SANDUSDT/SANDUSDT-aggTrades-2023-02-15.zip
2023-02-16,daily,aggTrades,data/spot/daily/aggTrades/SANDUSDT/SANDUSDT-aggTrades-2023-02-16.zip
2023-02-17,daily,aggTrades,data/spot/daily/aggTrades/SANDUSDT/SANDUSDT-aggTrades-2023-02-17.zip
2023-02-18,daily,aggTrades,data/spot/daily/aggTrades/SANDUSDT/SANDUSDT-aggTrades-2023-02-18.zip
2023-02-19,daily,aggTrades,data/spot/daily/aggTrades/SANDUSDT/SANDUSDT-aggTrades-2023-02-19.zip
2023-02-20,daily,aggTrades,data/spot/daily/aggTrades/SANDUSDT/SANDUSDT-aggTrades-2023-02-20.zip
2023-02-21,daily,aggTrades,data/spot/daily/aggTrades/SANDUSDT/SANDUSDT-aggTrades-2023-02-21.zip
2023-02-22,daily,aggTrades,data/spot/daily/aggTrades/SANDUSDT/SANDUSDT-aggTrades-2023-02-22.zip
2023-02-23,daily,aggTrades,data/spot/daily/aggTrades/SANDUSDT/SANDUSDT-aggTrades-2023-02-23.zip
2023-02-24,daily,aggTrades,data/spot/daily/aggTrades/SANDUSDT/SANDUSDT-aggTrades-2023-02-24.zip
2023-02-25,daily,aggTrades,data/spot/daily/aggTrades/SANDUSDT/SANDUSDT-aggTrades-2023-02-25.zip
2023-02-26,daily,aggTrades,data/spot/daily/aggTrades/SANDUSDT/SANDUSDT-aggTrades-2023-02-26.zip
2023-02-27,daily,aggTrades,data/spot/daily/aggTrades/SANDUSDT/SANDUSDT-aggTrades-2023-02-27.zip
2023-02-28,daily,aggTrades,data/spot/daily/aggTrades/SANDUSDT/SANDUSDT-aggTrades-2023-02-28.zip
2023-03-01,daily,aggTrades,data/spot/daily/aggTrades/SANDUSDT/SANDUSDT-aggTrades-2023-03-01.zip
2023-03-01,monthly,aggTrades,data/spot/monthly/aggTrades/SANDUSDT/SANDUSDT-aggTrades-2023-03.zip
2023-03-01,monthly,trades,data/spot/monthly/trades/SANDUSDT/SANDUSDT-trades-2023-03.zip
2023-03-02,daily,aggTrades,data/spot/daily/aggTrades/SANDUSDT/SANDUSDT-aggTrades-2023-03-02.zip
2023-03-03,daily,aggTrades,data/spot/daily/aggTrades/SANDUSDT/SANDUSDT-aggTrades-2023-03-03.zip
2023-03-04,daily,aggTrades,data/spot/daily/aggTrades/SANDUSDT/SANDUSDT-aggTrades-2023-03-04.zip
2023-03-05,daily,aggTrades,data/spot/daily/aggTrades/SANDUSDT/SANDUSDT-aggTrades-2023-03-05.zip
2023-03-06,daily,aggTrades,data/spot/daily/aggTrades/SANDUSDT/SANDUSDT-aggTrades-2023-03-06.zip
2023-03-07,daily,aggTrades,data/spot/daily/aggTrades/SANDUSDT/SANDUSDT-aggTrades-2023-03-07.zip
2023-03-08,daily,aggTrades,data/spot/daily/aggTrades/SANDUSDT/SANDUSDT-aggTrades-2023-03-08.zip
2023-03-09,daily,aggTrades,data/spot/daily/aggTrades/SANDUSDT/SANDUSDT-aggTrades-2023-03-09.zip
2023-03-10,daily,aggTrades,data/spot/daily/aggTrades/SANDUSDT/SANDUSDT-aggTrades-2023-03-10.zip
2023-03-11,daily,aggTrades,data/spot/daily/aggTrades/SANDUSDT/SANDUSDT-aggTrades-2023-03-11.zip
2023-03-12,daily,aggTrades,data/spot/daily/aggTrades/SANDUSDT/SANDUSDT-aggTrades-2023-03-12.zip
2023-03-13,daily,aggTrades,data/spot/daily/aggTrades/SANDUSDT/SANDUSDT-aggTrades-2023-03-13.zip
2023-03-14,daily,aggTrades,data/spot/daily/aggTrades/SANDUSDT/SANDUSDT-aggTrades-2023-03-14.zip
2023-03-15,daily,aggTrades,data/spot/daily/aggTrades/SANDUSDT/SANDUSDT-aggTrades-2023-03-15.zip
2023-03-16,daily,aggTrades,data/spot/daily/aggTrades/SANDUSDT/SANDUSDT-aggTrades-2023-03-16.zip
2023-03-17,daily,aggTrades,data/spot/daily/aggTrades/SANDUSDT/SANDUSDT-aggTrades-2023-03-17.zip
2023-03-18,daily,aggTrades,data/spot/daily/aggTrades/SANDUSDT/SANDUSDT-aggTrades-2023-03-18.zip
2023-03-19,daily,aggTrades,data/spot/daily/aggTrades/SANDUSDT/SANDUSDT-aggTrades-2023-03-19.zip
2023-03-20,daily,aggTrades,data/spot/daily/aggTrades/SANDUSDT/SANDUSDT-aggTrades-2023-03-20.zip
2023-03-21,daily,aggTrades,data/spot/daily/aggTrades/SANDUSDT/SANDUSDT-aggTrades-2023-03-21.zip
2023-03-22,daily,aggTrades,data/spot/daily/aggTrades/SANDUSDT/SANDUSDT-aggTrades-2023-03-22.zip
2023-03-23,daily,aggTrades,data/spot/daily/aggTrades/SANDUSDT/SANDUSDT-aggTrades-2023-03-23.zip
2023-03-24,daily,aggTrades,data/spot/daily/aggTrades/SANDUSDT/SANDUSDT-aggTrades-2023-03-24.zip
2023-03-25,daily,aggTrades,data/spot/daily/aggTrades/SANDUSDT/SANDUSDT-aggTrades-2023-03-25.zip
2023-03-26,daily,aggTrades,data/spot/daily/aggTrades/SANDUSDT/SANDUSDT-aggTrades-2023-03-26.zip
2023-03-27,daily,aggTrades,data/spot/daily/aggTrades/SANDUSDT/SANDUSDT-aggTrades-2023-03-27.zip
2023-03-28,daily,aggTrades,data/spot/daily/aggTrades/SANDUSDT/SANDUSDT-aggTrades-2023-03-28.zip
2023-03-29,daily,aggTrades,data/spot/daily/aggTrades/SANDUSDT/SANDUSDT-aggTrades-2023-03-29.zip
2023-03-30,daily,aggTrades,data/spot/daily/aggTrades/SANDUSDT/SANDUSDT-aggTrades-2023-03-30.zip
2023-03-31,daily,aggTrades,data/spot/daily/aggTrades/SANDUSDT/SANDUSDT-aggTrades-2023-03-31.zip
2023-04-01,daily,aggTrades,data/spot/daily/aggTrades/SANDUSDT/SANDUSDT-aggTrades-2023-04-01.zip
2023-04-01,monthly,aggTrades,data/spot/monthly/aggTrades/SANDUSDT/SANDUSDT-aggTrades-2023-04.zip
2023-04-01,monthly,trades,data/spot/monthly/trades/SANDUSDT/SANDUSDT-trades-2023-04.zip
2023-04-02,daily,aggTrades,data/spot/daily/aggTrades/SANDUSDT/SANDUSDT-aggTrades-2023-04-02.zip
2023-04-03,daily,aggTrades,data/spot/daily/aggTrades/SANDUSDT/SANDUSDT-aggTrades-2023-04-03.zip
2023-04-04,daily,aggTrades,data/spot/daily/aggTrades/SANDUSDT/SANDUSDT-aggTrades-2023-04-04.zip
2023-04-05,daily,aggTrades,data/spot/daily/aggTrades/SANDUSDT/SANDUSDT-aggTrades-2023-04-05.zip
2023-04-06,daily,aggTrades,data/spot/daily/aggTrades/SANDUSDT/SANDUSDT-aggTrades-2023-04-06.zip
2023-04-07,daily,aggTrades,data/spot/daily/aggTrades/SANDUSDT/SANDUSDT-aggTrades-2023-04-07.zip
2023-04-08,daily,aggTrades,data/spot/daily/aggTrades/SANDUSDT/SANDUSDT-aggTrades-2023-04-08.zip
2023-04-09,daily,aggTrades,data/spot/daily/aggTrades/SANDUSDT/SANDUSDT-aggTrades-2023-04-09.zip
2023-04-10,daily,aggTrades,data/spot/daily/aggTrades/SANDUSDT/SANDUSDT-aggTrades-2023-04-10.zip
2023-04-11,daily,aggTrades,data/spot/daily/aggTrades/SANDUSDT/SANDUSDT-aggTrades-2023-04-11.zip
2023-04-12,daily,aggTrades,data/spot/daily/aggTrades/SANDUSDT/SANDUSDT-aggTrades-2023-04-12.zip
2023-04-13,daily,aggTrades,data/spot/daily/aggTrades/SANDUSDT/SANDUSDT-aggTrades-2023-04-13.zip
2023-04-14,daily,aggTrades,data/spot/daily/aggTrades/SANDUSDT/SANDUSDT-aggTrades-2023-04-14.zip
2023-04-15,daily,aggTrades,data/spot/daily/aggTrades/SANDUSDT/SANDUSDT-aggTrades-2023-04-15.zip
2023-04-16,daily,aggTrades,data/spot/daily/aggTrades/SANDUSDT/SANDUSDT-aggTrades-2023-04-16.zip
2023-04-17,daily,aggTrades,data/spot/daily/aggTrades/SANDUSDT/SANDUSDT-aggTrades-2023-04-17.zip
2023-04-18,daily,aggTrades,data/spot/daily/aggTrades/SANDUSDT/SANDUSDT-aggTrades-2023-04-18.zip
2023-04-19,daily,aggTrades,data/spot/daily/aggTrades/SANDUSDT/SANDUSDT-aggTrades-2023-04-19.zip
2023-04-20,daily,aggTrades,data/spot/daily/aggTrades/SANDUSDT/SANDUSDT-aggTrades-2023-04-20.zip
2023-04-21,daily,aggTrades,data/spot/daily/aggTrades/SANDUSDT/SANDUSDT-aggTrades-2023-04-21.zip
2023-04-22,daily,aggTrades,data/spot/daily/aggTrades/SANDUSDT/SANDUSDT-aggTrades-2023-04-22.zip
2023-04-23,daily,aggTrades,data/spot/daily/aggTrades/SANDUSDT/SANDUSDT-aggTrades-2023-04-23.zip
2023-04-24,daily,aggTrades,data/spot/daily/aggTrades/SANDUSDT/SANDUSDT-aggTrades-2023-04-24.zip
2023-04-25,daily,aggTrades,data/spot/daily/aggTrades/SANDUSDT/SANDUSDT-aggTrades-2023-04-25.zip
2023-04-26,daily,aggTrades,data/spot/daily/aggTrades/SANDUSDT/SANDUSDT-aggTrades-2023-04-26.zip
2023-04-27,daily,aggTrades,data/spot/daily/aggTrades/SANDUSDT/SANDUSDT-aggTrades-2023-04-27.zip
2023-04-28,daily,aggTrades,data/spot/daily/aggTrades/SANDUSDT/SANDUSDT-aggTrades-2023-04-28.zip
2023-04-29,daily,aggTrades,data/spot/daily/aggTrades/SANDUSDT/SANDUSDT-aggTrades-2023-04-29.zip
2023-04-30,daily,aggTrades,data/spot/daily/aggTrades/SANDUSDT/SANDUSDT-aggTrades-2023-04-30.zip
2023-05-01,daily,aggTrades,data/spot/daily/aggTrades/SANDUSDT/SANDUSDT-aggTrades-2023-05-01.zip
2023-05-01,monthly,aggTrades,data/spot/monthly/aggTrades/SANDUSDT/SANDUSDT-aggTrades-2023-05.zip
2023-05-01,monthly,trades,data/spot/monthly/trades/SANDUSDT/SANDUSDT-trades-2023-05.zip
2023-05-02,daily,aggTrades,data/spot/daily/aggTrades/SANDUSDT/SANDUSDT-aggTrades-2023-05-02.zip
2023-05-03,daily,aggTrades,data/spot/daily/aggTrades/SANDUSDT/SANDUSDT-aggTrades-2023-05-03.zip
2023-05-04,daily,aggTrades,data/spot/daily/aggTrades/SANDUSDT/SANDUSDT-aggTrades-2023-05-04.zip
2023-05-05,daily,aggTrades,data/spot/daily/aggTrades/SANDUSDT/SANDUSDT-aggTrades-2023-05-05.zip
2023-05-06,daily,aggTrades,data/spot/daily/aggTrades/SANDUSDT/SANDUSDT-aggTrades-2023-05-06.zip
2023-05-07,daily,aggTrades,data/spot/daily/aggTrades/SANDUSDT/SANDUSDT-aggTrades-2023-05-07.zip
2023-05-08,daily,aggTrades,data/spot/daily/aggTrades/SANDUSDT/SANDUSDT-aggTrades-2023-05-08.zip
2023-05-09,daily,aggTrades,data/spot/daily/aggTrades/SANDUSDT/SANDUSDT-aggTrades-2023-05-09.zip
2023-05-10,daily,aggTrades,data/spot/daily/aggTrades/SANDUSDT/SANDUSDT-aggTrades-2023-05-10.zip
2023-05-11,daily,aggTrades,data/spot/daily/aggTrades/SANDUSDT/SANDUSDT-aggTrades-2023-05-11.zip
2023-05-12,daily,aggTrades,data/spot/daily/aggTrades/SANDUSDT/SANDUSDT-aggTrades-2023-05-12.zip
2023-05-13,daily,aggTrades,data/spot/daily/aggTrades/SANDUSDT/SANDUSDT-aggTrades-2023-05-13.zip
2023-05-14,daily,aggTrades,data/spot/daily/aggTrades/SANDUSDT/SANDUSDT-aggTrades-2023-05-14.zip
2023-05-15,daily,aggTrades,data/spot/daily/aggTrades/SANDUSDT/SANDUSDT-aggTrades-2023-05-15.zip
2023-05-16,daily,aggTrades,data/spot/daily/aggTrades/SANDUSDT/SANDUSDT-aggTrades-2023-05-16.zip
2023-05-17,daily,aggTrades,data/spot/daily/aggTrades/SANDUSDT/SANDUSDT-aggTrades-2023-05-17.zip
2023-05-18,daily,aggTrades,data/spot/daily/aggTrades/SANDUSDT/SANDUSDT-aggTrades-2023-05-18.zip
2023-05-19,daily,aggTrades,data/spot/daily/aggTrades/SANDUSDT/SANDUSDT-aggTrades-2023-05-19.zip
2023-05-20,daily,aggTrades,data/spot/daily/aggTrades/SANDUSDT/SANDUSDT-aggTrades-2023-05-20.zip
2023-05-21,daily,aggTrades,data/spot/daily/aggTrades/SANDUSDT/SANDUSDT-aggTrades-2023-05-21.zip
2023-05-22,daily,aggTrades,data/spot/daily/aggTrades/SANDUSDT/SANDUSDT-aggTrades-2023-05-22.zip
2023-05-23,daily,aggTrades,data/spot/daily/aggTrades/SANDUSDT/SANDUSDT-aggTrades-2023-05-23.zip
2023-05-24,daily,aggTrades,data/spot/daily/aggTrades/SANDUSDT/SANDUSDT-aggTrades-2023-05-24.zip
2023-05-25,daily,aggTrades,data/spot/daily/aggTrades/SANDUSDT/SANDUSDT-aggTrades-2023-05-25.zip
2023-05-26,daily,aggTrades,data/spot/daily/aggTrades/SANDUSDT/SANDUSDT-aggTrades-2023-05-26.zip
2023-05-27,daily,aggTrades,data/spot/daily/aggTrades/SANDUSDT/SANDUSDT-aggTrades-2023-05-27.zip
2023-05-28,daily,aggTrades,data/spot/daily/aggTrades/SANDUSDT/SANDUSDT-aggTrades-2023-05-28.zip
2023-05-29,daily,aggTrades,data/spot/daily/aggTrades/SANDUSDT/SANDUSDT-aggTrades-2023-05-29.zip
2023-05-30,daily,aggTrades,data/spot/daily/aggTrades/SANDUSDT/SANDUSDT-aggTrades-2023-05-30.zip
2023-05-31,daily,aggTrades,data/spot/daily/aggTrades/SANDUSDT/SANDUSDT-aggTrades-2023-05-31.zip
2023-06-01,daily,aggTrades,data/spot/daily/aggTrades/SANDUSDT/SANDUSDT-aggTrades-2023-06-01.zip
2023-06-01,monthly,aggTrades,data/spot/monthly/aggTrades/SANDUSDT/SANDUSDT-aggTrades-2023-06.zip
2023-06-01,monthly,trades,data/spot/monthly/trades/SANDUSDT/SANDUSDT-trades-2023-06.zip
2023-06-02,daily,aggTrades,data/spot/daily/aggTrades/SANDUSDT/SANDUSDT-aggTrades-2023-06-02.zip
2023-06-03,daily,aggTrades,data/spot/daily/aggTrades/SANDUSDT/SANDUSDT-aggTrades-2023-06-03.zip
2023-06-04,daily,aggTrades,data/spot/daily/aggTrades/SANDUSDT/SANDUSDT-aggTrades-2023-06-04.zip
2023-06-05,daily,aggTrades,data/spot/daily/aggTrades/SANDUSDT/SANDUSDT-aggTrades-2023-06-05.zip
2023-06-06,daily,aggTrades,data/spot/daily/aggTrades/SANDUSDT/SANDUSDT-aggTrades-2023-06-06.zip
2023-06-07,daily,aggTrades,data/spot/daily/aggTrades/SANDUSDT/SANDUSDT-aggTrades-2023-06-07.zip
2023-06-08,daily,aggTrades,data/spot/daily/aggTrades/SANDUSDT/SANDUSDT-aggTrades-2023-06-08.zip
2023-06-09,daily,aggTrades,data/spot/daily/aggTrades/SANDUSDT/SANDUSDT-aggTrades-2023-06-09.zip
2023-06-10,daily,aggTrades,data/spot/daily/aggTrades/SANDUSDT/SANDUSDT-aggTrades-2023-06-10.zip
2023-06-11,daily,aggTrades,data/spot/daily/aggTrades/SANDUSDT/SANDUSDT-aggTrades-2023-06-11.zip
2023-06-12,daily,aggTrades,data/spot/daily/aggTrades/SANDUSDT/SANDUSDT-aggTrades-2023-06-12.zip
2023-06-13,daily,aggTrades,data/spot/daily/aggTrades/SANDUSDT/SANDUSDT-aggTrades-2023-06-13.zip
2023-06-14,daily,aggTrades,data/spot/daily/aggTrades/SANDUSDT/SANDUSDT-aggTrades-2023-06-14.zip
2023-06-15,daily,aggTrades,data/spot/daily/aggTrades/SANDUSDT/SANDUSDT-aggTrades-2023-06-15.zip
2023-06-16,daily,aggTrades,data/spot/daily/aggTrades/SANDUSDT/SANDUSDT-aggTrades-2023-06-16.zip
2023-06-17,daily,aggTrades,data/spot/daily/aggTrades/SANDUSDT/SANDUSDT-aggTrades-2023-06-17.zip
2023-06-18,daily,aggTrades,data/spot/daily/aggTrades/SANDUSDT/SANDUSDT-aggTrades-2023-06-18.zip
2023-06-19,daily,aggTrades,data/spot/daily/aggTrades/SANDUSDT/SANDUSDT-aggTrades-2023-06-19.zip
2023-06-20,daily,aggTrades,data/spot/daily/aggTrades/SANDUSDT/SANDUSDT-aggTrades-2023-06-20.zip
2023-06-21,daily,aggTrades,data/spot/daily/aggTrades/SANDUSDT/SANDUSDT-aggTrades-2023-06-21.zip
2023-06-22,daily,aggTrades,data/spot/daily/aggTrades/SANDUSDT/SANDUSDT-aggTrades-2023-06-22.zip
2023-06-23,daily,aggTrades,data/spot/daily/aggTrades/SANDUSDT/SANDUSDT-aggTrades-2023-06-23.zip
2023-06-24,daily,aggTrades,data/spot/daily/aggTrades/SANDUSDT/SANDUSDT-aggTrades-2023-06-24.zip
2023-06-25,daily,aggTrades,data/spot/daily/aggTrades/SANDUSDT/SANDUSDT-aggTrades-2023-06-25.zip
2023-06-26,daily,aggTrades,data/spot/daily/aggTrades/SANDUSDT/SANDUSDT-aggTrades-2023-06-26.zip
2023-06-27,daily,aggTrades,data/spot/daily/aggTrades/SANDUSDT/SANDUSDT-aggTrades-2023-06-27.zip
2023-06-28,daily,aggTrades,data/spot/daily/aggTrades/SANDUSDT/SANDUSDT-aggTrades-2023-06-28.zip
2023-06-29,daily,aggTrades,data/spot/daily/aggTrades/SANDUSDT/SANDUSDT-aggTrades-2023-06-29.zip
2023-06-30,daily,aggTrades,data/spot/daily/aggTrades/SANDUSDT/SANDUSDT-aggTrades-2023-06-30.zip
2023-07-01,daily,aggTrades,data/spot/daily/aggTrades/SANDUSDT/SANDUSDT-aggTrades-2023-07-01.zip
2023-07-01,monthly,aggTrades,data/spot/monthly/aggTrades/SANDUSDT/SANDUSDT-aggTrades-2023-07.zip
2023-07-01,monthly,trades,data/spot/monthly/trades/SANDUSDT/SANDUSDT-trades-2023-07.zip
2023-07-02,daily,aggTrades,data/spot/daily/aggTrades/SANDUSDT/SANDUSDT-aggTrades-2023-07-02.zip
2023-07-03,daily,aggTrades,data/spot/daily/aggTrades/SANDUSDT/SANDUSDT-aggTrades-2023-07-03.zip
2023-07-04,daily,aggTrades,data/spot/daily/aggTrades/SANDUSDT/SANDUSDT-aggTrades-2023-07-04.zip
2023-07-05,daily,aggTrades,data/spot/daily/aggTrades/SANDUSDT/SANDUSDT-aggTrades-2023-07-05.zip
2023-07-06,daily,aggTrades,data/spot/daily/aggTrades/SANDUSDT/SANDUSDT-aggTrades-2023-07-06.zip
2023-07-07,daily,aggTrades,data/spot/daily/aggTrades/SANDUSDT/SANDUSDT-aggTrades-2023-07-07.zip
2023-07-08,daily,aggTrades,data/spot/daily/aggTrades/SANDUSDT/SANDUSDT-aggTrades-2023-07-08.zip
2023-07-09,daily,aggTrades,data/spot/daily/aggTrades/SANDUSDT/SANDUSDT-aggTrades-2023-07-09.zip
2023-07-10,daily,aggTrades,data/spot/daily/aggTrades/SANDUSDT/SANDUSDT-aggTrades-2023-07-10.zip
2023-07-11,daily,aggTrades,data/spot/daily/aggTrades/SANDUSDT/SANDUSDT-aggTrades-2023-07-11.zip
2023-07-12,daily,aggTrades,data/spot/daily/aggTrades/SANDUSDT/SANDUSDT-aggTrades-2023-07-12.zip
2023-07-13,daily,aggTrades,data/spot/daily/aggTrades/SANDUSDT/SANDUSDT-aggTrades-2023-07-13.zip
2023-07-14,daily,aggTrades,data/spot/daily/aggTrades/SANDUSDT/SANDUSDT-aggTrades-2023-07-14.zip
2023-07-15,daily,aggTrades,data/spot/daily/aggTrades/SANDUSDT/SANDUSDT-aggTrades-2023-07-15.zip
2023-07-16,daily,aggTrades,data/spot/daily/aggTrades/SANDUSDT/SANDUSDT-aggTrades-2023-07-16.zip
2023-07-17,daily,aggTrades,data/spot/daily/aggTrades/SANDUSDT/SANDUSDT-aggTrades-2023-07-17.zip
2023-07-18,daily,aggTrades,data/spot/daily/aggTrades/SANDUSDT/SANDUSDT-aggTrades-2023-07-18.zip
2023-07-19,daily,aggTrades,data/spot/daily/aggTrades/SANDUSDT/SANDUSDT-aggTrades-2023-07-19.zip
2023-07-20,daily,aggTrades,data/spot/daily/aggTrades/SANDUSDT/SANDUSDT-aggTrades-2023-07-20.zip
2023-07-21,daily,aggTrades,data/spot/daily/aggTrades/SANDUSDT/SANDUSDT-aggTrades-2023-07-21.zip
2023-07-22,daily,aggTrades,data/spot/daily/aggTrades/SANDUSDT/SANDUSDT-aggTrades-2023-07-22.zip
2023-07-23,daily,aggTrades,data/spot/daily/aggTrades/SANDUSDT/SANDUSDT-aggTrades-2023-07-23.zip
2023-07-24,daily,aggTrades,data/spot/daily/aggTrades/SANDUSDT/SANDUSDT-aggTrades-2023-07-24.zip
2023-07-25,daily,aggTrades,data/spot/daily/aggTrades/SANDUSDT/SANDUSDT-aggTrades-2023-07-25.zip
2023-07-26,daily,aggTrades,data/spot/daily/aggTrades/SANDUSDT/SANDUSDT-aggTrades-2023-07-26.zip
2023-07-27,daily,aggTrades,data/spot/daily/aggTrades/SANDUSDT/SANDUSDT-aggTrades-2023-07-27.zip
2023-07-28,daily,aggTrades,data/spot/daily/aggTrades/SANDUSDT/SANDUSDT-aggTrades-2023-07-28.zip
2023-07-29,daily,aggTrades,data/spot/daily/aggTrades/SANDUSDT/SANDUSDT-aggTrades-2023-07-29.zip
2023-07-30,daily,aggTrades,data/spot/daily/aggTrades/SANDUSDT/SANDUSDT-aggTrades-2023-07-30.zip
2023-07-31,daily,aggTrades,data/spot/daily/aggTrades/SANDUSDT/SANDUSDT-aggTrades-2023-07-31.zip
2023-08-01,daily,aggTrades,data/spot/daily/aggTrades/SANDUSDT/SANDUSDT-aggTrades-2023-08-01.zip
2023-08-01,monthly,aggTrades,data/spot/monthly/aggTrades/SANDUSDT/SANDUSDT-aggTrades-2023-08.zip
2023-08-01,monthly,trades,data/spot/monthly/trades/SANDUSDT/SANDUSDT-trades-2023-08.zip
2023-08-02,daily,aggTrades,data/spot/daily/aggTrades/SANDUSDT/SANDUSDT-aggTrades-2023-08-02.zip
2023-08-03,daily,aggTrades,data/spot/daily/aggTrades/SANDUSDT/SANDUSDT-aggTrades-2023-08-03.zip
2023-08-04,daily,aggTrades,data/spot/daily/aggTrades/SANDUSDT/SANDUSDT-aggTrades-2023-08-04.zip
2023-08-05,daily,aggTrades,data/spot/daily/aggTrades/SANDUSDT/SANDUSDT-aggTrades-2023-08-05.zip
2023-08-06,daily,aggTrades,data/spot/daily/aggTrades/SANDUSDT/SANDUSDT-aggTrades-2023-08-06.zip
2023-08-07,daily,aggTrades,data/spot/daily/aggTrades/SANDUSDT/SANDUSDT-aggTrades-2023-08-07.zip
2023-08-08,daily,aggTrades,data/spot/daily/aggTrades/SANDUSDT/SANDUSDT-aggTrades-2023-08-08.zip
2023-08-09,daily,aggTrades,data/spot/daily/aggTrades/SANDUSDT/SANDUSDT-aggTrades-2023-08-09.zip
2023-08-10,daily,aggTrades,data/spot/daily/aggTrades/SANDUSDT/SANDUSDT-aggTrades-2023-08-10.zip
2023-08-11,daily,aggTrades,data/spot/daily/aggTrades/SANDUSDT/SANDUSDT-aggTrades-2023-08-11.zip
2023-08-12,daily,aggTrades,data/spot/daily/aggTrades/SANDUSDT/SANDUSDT-aggTrades-2023-08-12.zip
2023-08-13,daily,aggTrades,data/spot/daily/aggTrades/SANDUSDT/SANDUSDT-aggTrades-2023-08-13.zip
2023-08-14,daily,aggTrades,data/spot/daily/aggTrades/SANDUSDT/SANDUSDT-aggTrades-2023-08-14.zip
2023-08-15,daily,aggTrades,data/spot/daily/aggTrades/SANDUSDT/SANDUSDT-aggTrades-2023-08-15.zip
2023-08-16,daily,aggTrades,data/spot/daily/aggTrades/SANDUSDT/SANDUSDT-aggTrades-2023-08-16.zip
2023-08-17,daily,aggTrades,data/spot/daily/aggTrades/SANDUSDT/SANDUSDT-aggTrades-2023-08-17.zip
2023-08-18,daily,aggTrades,data/spot/daily/aggTrades/SANDUSDT/SANDUSDT-aggTrades-2023-08-18.zip
2023-08-19,daily,aggTrades,data/spot/daily/aggTrades/SANDUSDT/SANDUSDT-aggTrades-2023-08-19.zip
2023-08-20,daily,aggTrades,data/spot/daily/aggTrades/SANDUSDT/SANDUSDT-aggTrades-2023-08-20.zip
2023-08-21,daily,aggTrades,data/spot/daily/aggTrades/SANDUSDT/SANDUSDT-aggTrades-2023-08-21.zip
2023-08-22,daily,aggTrades,data/spot/daily/aggTrades/SANDUSDT/SANDUSDT-aggTrades-2023-08-22.zip
2023-08-23,daily,aggTrades,data/spot/daily/aggTrades/SANDUSDT/SANDUSDT-aggTrades-2023-08-23.zip
2023-08-24,daily,aggTrades,data/spot/daily/aggTrades/SANDUSDT/SANDUSDT-aggTrades-2023-08-24.zip
2023-08-25,daily,aggTrades,data/spot/daily/aggTrades/SANDUSDT/SANDUSDT-aggTrades-2023-08-25.zip
2023-08-26,daily,aggTrades,data/spot/daily/aggTrades/SANDUSDT/SANDUSDT-aggTrades-2023-08-26.zip
2023-08-27,daily,aggTrades,data/spot/daily/aggTrades/SANDUSDT/SANDUSDT-aggTrades-2023-08-27.zip
2023-08-28,daily,aggTrades,data/spot/daily/aggTrades/SANDUSDT/SANDUSDT-aggTrades-2023-08-28.zip
2023-08-29,daily,aggTrades,data/spot/daily/aggTrades/SANDUSDT/SANDUSDT-aggTrades-2023-08-29.zip
2023-08-30,daily,aggTrades,data/spot/daily/aggTrades/SANDUSDT/SANDUSDT-aggTrades-2023-08-30.zip
2023-08-31,daily,aggTrades,data/spot/daily/aggTrades/SANDUSDT/SANDUSDT-aggTrades-2023-08-31.zip
2023-09-01,daily,aggTrades,data/spot/daily/aggTrades/SANDUSDT/SANDUSDT-aggTrades-2023-09-01.zip
2023-09-01,monthly,aggTrades,data/spot/monthly/aggTrades/SANDUSDT/SANDUSDT-aggTrades-2023-09.zip
2023-09-01,monthly,trades,data/spot/monthly/trades/SANDUSDT/SANDUSDT-trades-2023-09.zip
2023-09-02,daily,aggTrades,data/spot/daily/aggTrades/SANDUSDT/SANDUSDT-aggTrades-2023-09-02.zip
2023-09-03,daily,aggTrades,data/spot/daily/aggTrades/SANDUSDT/SANDUSDT-aggTrades-2023-09-03.zip
2023-09-04,daily,aggTrades,data/spot/daily/aggTrades/SANDUSDT/SANDUSDT-aggTrades-2023-09-04.zip
2023-09-05,daily,aggTrades,data/spot/daily/aggTrades/SANDUSDT/SANDUSDT-aggTrades-2023-09-05.zip
2023-09-06,daily,aggTrades,data/spot/daily/aggTrades/SANDUSDT/SANDUSDT-aggTrades-2023-09-06.zip
2023-09-07,daily,aggTrades,data/spot/daily/aggTrades/SANDUSDT/SANDUSDT-aggTrades-2023-09-07.zip
2023-09-08,daily,aggTrades,data/spot/daily/aggTrades/SANDUSDT/SANDUSDT-aggTrades-2023-09-08.zip
2023-09-09,daily,aggTrades,data/spot/daily/aggTrades/SANDUSDT/SANDUSDT-aggTrades-2023-09-09.zip
2023-09-10,daily,aggTrades,data/spot/daily/aggTrades/SANDUSDT/SANDUSDT-aggTrades-2023-09-10.zip
2023-09-11,daily,aggTrades,data/spot/daily/aggTrades/SANDUSDT/SANDUSDT-aggTrades-2023-09-11.zip
2023-09-12,daily,aggTrades,data/spot/daily/aggTrades/SANDUSDT/SANDUSDT-aggTrades-2023-09-12.zip
2023-09-13,daily,aggTrades,data/spot/daily/aggTrades/SANDUSDT/SANDUSDT-aggTrades-2023-09-13.zip
2023-09-14,daily,aggTrades,data/spot/daily/aggTrades/SANDUSDT/SANDUSDT-aggTrades-2023-09-14.zip
2023-09-15,daily,aggTrades,data/spot/daily/aggTrades/SANDUSDT/SANDUSDT-aggTrades-2023-09-15.zip
2023-09-16,daily,aggTrades,data/spot/daily/aggTrades/SANDUSDT/SANDUSDT-aggTrades-2023-09-16.zip
2023-09-17,daily,aggTrades,data/spot/daily/aggTrades/SANDUSDT/SANDUSDT-aggTrades-2023-09-17.zip
2023-09-18,daily,aggTrades,data/spot/daily/aggTrades/SANDUSDT/SANDUSDT-aggTrades-2023-09-18.zip
2023-09-19,daily,aggTrades,data/spot/daily/aggTrades/SANDUSDT/SANDUSDT-aggTrades-2023-09-19.zip
2023-09-20,daily,aggTrades,data/spot/daily/aggTrades/SANDUSDT/SANDUSDT-aggTrades-2023-09-20.zip
2023-09-21,daily,aggTrades,data/spot/daily/aggTrades/SANDUSDT/SANDUSDT-aggTrades-2023-09-21.zip
2023-09-22,daily,aggTrades,data/spot/daily/aggTrades/SANDUSDT/SANDUSDT-aggTrades-2023-09-22.zip
2023-09-23,daily,aggTrades,data/spot/daily/aggTrades/SANDUSDT/SANDUSDT-aggTrades-2023-09-23.zip
2023-09-24,daily,aggTrades,data/spot/daily/aggTrades/SANDUSDT/SANDUSDT-aggTrades-2023-09-24.zip
2023-09-25,daily,aggTrades,data/spot/daily/aggTrades/SANDUSDT/SANDUSDT-aggTrades-2023-09-25.zip
2023-09-26,daily,aggTrades,data/spot/daily/aggTrades/SANDUSDT/SANDUSDT-aggTrades-2023-09-26.zip
2023-09-27,daily,aggTrades,data/spot/daily/aggTrades/SANDUSDT/SANDUSDT-aggTrades-2023-09-27.zip
2023-09-28,daily,aggTrades,data/spot/daily/aggTrades/SANDUSDT/SANDUSDT-aggTrades-2023-09-28.zip
2023-09-29,daily,aggTrades,data/spot/daily/aggTrades/SANDUSDT/SANDUSDT-aggTrades-2023-09-29.zip
2023-09-30,daily,aggTrades,data/spot/daily/aggTrades/SANDUSDT/SANDUSDT-aggTrades-2023-09-30.zip
2023-10-01,daily,aggTrades,data/spot/daily/aggTrades/SANDUSDT/SANDUSDT-aggTrades-2023-10-01.zip
2023-10-01,monthly,aggTrades,data/spot/monthly/aggTrades/SANDUSDT/SANDUSDT-aggTrades-2023-10.zip
2023-10-01,monthly,trades,data/spot/monthly/trades/SANDUSDT/SANDUSDT-trades-2023-10.zip
2023-10-02,daily,aggTrades,data/spot/daily/aggTrades/SANDUSDT/SANDUSDT-aggTrades-2023-10-02.zip
2023-10-03,daily,aggTrades,data/spot/daily/aggTrades/SANDUSDT/SANDUSDT-aggTrades-2023-10-03.zip
2023-10-04,daily,aggTrades,data/spot/daily/aggTrades/SANDUSDT/SANDUSDT-aggTrades-2023-10-04.zip
2023-10-05,daily,aggTrades,data/spot/daily/aggTrades/SANDUSDT/SANDUSDT-aggTrades-2023-10-05.zip
2023-10-06,daily,aggTrades,data/spot/daily/aggTrades/SANDUSDT/SANDUSDT-aggTrades-2023-10-06.zip
2023-10-07,daily,aggTrades,data/spot/daily/aggTrades/SANDUSDT/SANDUSDT-aggTrades-2023-10-07.zip
2023-10-08,daily,aggTrades,data/spot/daily/aggTrades/SANDUSDT/SANDUSDT-aggTrades-2023-10-08.zip
2023-10-09,daily,aggTrades,data/spot/daily/aggTrades/SANDUSDT/SANDUSDT-aggTrades-2023-10-09.zip
2023-10-10,daily,aggTrades,data/spot/daily/aggTrades/SANDUSDT/SANDUSDT-aggTrades-2023-10-10.zip
2023-10-11,daily,aggTrades,data/spot/daily/aggTrades/SANDUSDT/SANDUSDT-aggTrades-2023-10-11.zip
2023-10-12,daily,aggTrades,data/spot/daily/aggTrades/SANDUSDT/SANDUSDT-aggTrades-2023-10-12.zip
2023-10-13,daily,aggTrades,data/spot/daily/aggTrades/SANDUSDT/SANDUSDT-aggTrades-2023-10-13.zip
2023-10-14,daily,aggTrades,data/spot/daily/aggTrades/SANDUSDT/SANDUSDT-aggTrades-2023-10-14.zip
2023-10-15,daily,aggTrades,data/spot/daily/aggTrades/SANDUSDT/SANDUSDT-aggTrades-2023-10-15.zip
2023-10-16,daily,aggTrades,data/spot/daily/aggTrades/SANDUSDT/SANDUSDT-aggTrades-2023-10-16.zip
2023-10-17,daily,aggTrades,data/spot/daily/aggTrades/SANDUSDT/SANDUSDT-aggTrades-2023-10-17.zip
2023-10-18,daily,aggTrades,data/spot/daily/aggTrades/SANDUSDT/SANDUSDT-aggTrades-2023-10-18.zip
2023-10-19,daily,aggTrades,data/spot/daily/aggTrades/SANDUSDT/SANDUSDT-aggTrades-2023-10-19.zip
2023-10-20,daily,aggTrades,data/spot/daily/aggTrades/SANDUSDT/SANDUSDT-aggTrades-2023-10-20.zip
2023-10-21,daily,aggTrades,data/spot/daily/aggTrades/SANDUSDT/SANDUSDT-aggTrades-2023-10-21.zip
2023-10-22,daily,aggTrades,data/spot/daily/aggTrades/SANDUSDT/SANDUSDT-aggTrades-2023-10-22.zip
2023-10-23,daily,aggTrades,data/spot/daily/aggTrades/SANDUSDT/SANDUSDT-aggTrades-2023-10-23.zip
2023-10-24,daily,aggTrades,data/spot/daily/aggTrades/SANDUSDT/SANDUSDT-aggTrades-2023-10-24.zip
2023-10-25,daily,aggTrades,data/spot/daily/aggTrades/SANDUSDT/SANDUSDT-aggTrades-2023-10-25.zip
2023-10-26,daily,aggTrades,data/spot/daily/aggTrades/SANDUSDT/SANDUSDT-aggTrades-2023-10-26.zip
2023-10-27,daily,aggTrades,data/spot/daily/aggTrades/SANDUSDT/SANDUSDT-aggTrades-2023-10-27.zip
2023-10-28,daily,aggTrades,data/spot/daily/aggTrades/SANDUSDT/SANDUSDT-aggTrades-2023-10-28.zip
2023-10-29,daily,aggTrades,data/spot/daily/aggTrades/SANDUSDT/SANDUSDT-aggTrades-2023-10-29.zip
2023-10-30,daily,aggTrades,data/spot/daily/aggTrades/SANDUSDT/SANDUSDT-aggTrades-2023-10-30.zip
2023-10-31,daily,aggTrades,data/spot/daily/aggTrades/SANDUSDT/SANDUSDT-aggTrades-2023-10-31.zip
2023-11-01,daily,aggTrades,data/spot/daily/aggTrades/SANDUSDT/SANDUSDT-aggTrades-2023-11-01.zip
2023-11-01,monthly,aggTrades,data/spot/monthly/aggTrades/SANDUSDT/SANDUSDT-aggTrades-2023-11.zip
2023-11-01,monthly,trades,data/spot/monthly/trades/SANDUSDT/SANDUSDT-trades-2023-11.zip
2023-11-02,daily,aggTrades,data/spot/daily/aggTrades/SANDUSDT/SANDUSDT-aggTrades-2023-11-02.zip
2023-11-03,daily,aggTrades,data/spot/daily/aggTrades/SANDUSDT/SANDUSDT-aggTrades-2023-11-03.zip
2023-11-04,daily,aggTrades,data/spot/daily/aggTrades/SANDUSDT/SANDUSDT-aggTrades-2023-11-04.zip
2023-11-05,daily,aggTrades,data/spot/daily/aggTrades/SANDUSDT/SANDUSDT-aggTrades-2023-11-05.zip
2023-11-06,daily,aggTrades,data/spot/daily/aggTrades/SANDUSDT/SANDUSDT-aggTrades-2023-11-06.zip
2023-11-07,daily,aggTrades,data/spot/daily/aggTrades/SANDUSDT/SANDUSDT-aggTrades-2023-11-07.zip
2023-11-08,daily,aggTrades,data/spot/daily/aggTrades/SANDUSDT/SANDUSDT-aggTrades-2023-11-08.zip
2023-11-09,daily,aggTrades,data/spot/daily/aggTrades/SANDUSDT/SANDUSDT-aggTrades-2023-11-09.zip
2023-11-10,daily,aggTrades,data/spot/daily/aggTrades/SANDUSDT/SANDUSDT-aggTrades-2023-11-10.zip
2023-11-11,daily,aggTrades,data/spot/daily/aggTrades/SANDUSDT/SANDUSDT-aggTrades-2023-11-11.zip
2023-11-12,daily,aggTrades,data/spot/daily/aggTrades/SANDUSDT/SANDUSDT-aggTrades-2023-11-12.zip
2023-11-13,daily,aggTrades,data/spot/daily/aggTrades/SANDUSDT/SANDUSDT-aggTrades-2023-11-13.zip
2023-11-14,daily,aggTrades,data/spot/daily/aggTrades/SANDUSDT/SANDUSDT-aggTrades-2023-11-14.zip
2023-11-15,daily,aggTrades,data/spot/daily/aggTrades/SANDUSDT/SANDUSDT-aggTrades-2023-11-15.zip
2023-11-16,daily,aggTrades,data/spot/daily/aggTrades/SANDUSDT/SANDUSDT-aggTrades-2023-11-16.zip
2023-11-17,daily,aggTrades,data/spot/daily/aggTrades/SANDUSDT/SANDUSDT-aggTrades-2023-11-17.zip
2023-11-18,daily,aggTrades,data/spot/daily/aggTrades/SANDUSDT/SANDUSDT-aggTrades-2023-11-18.zip
2023-11-19,daily,aggTrades,data/spot/daily/aggTrades/SANDUSDT/SANDUSDT-aggTrades-2023-11-19.zip
2023-11-20,daily,aggTrades,data/spot/daily/aggTrades/SANDUSDT/SANDUSDT-aggTrades-2023-11-20.zip
2023-11-21,daily,aggTrades,data/spot/daily/aggTrades/SANDUSDT/SANDUSDT-aggTrades-2023-11-21.zip
2023-11-22,daily,aggTrades,data/spot/daily/aggTrades/SANDUSDT/SANDUSDT-aggTrades-2023-11-22.zip
2023-11-23,daily,aggTrades,data/spot/daily/aggTrades/SANDUSDT/SANDUSDT-aggTrades-2023-11-23.zip
2023-11-24,daily,aggTrades,data/spot/daily/aggTrades/SANDUSDT/SANDUSDT-aggTrades-2023-11-24.zip
2023-11-25,daily,aggTrades,data/spot/daily/aggTrades/SANDUSDT/SANDUSDT-aggTrades-2023-11-25.zip
2023-11-26,daily,aggTrades,data/spot/daily/aggTrades/SANDUSDT/SANDUSDT-aggTrades-2023-11-26.zip
2023-11-27,daily,aggTrades,data/spot/daily/aggTrades/SANDUSDT/SANDUSDT-aggTrades-2023-11-27.zip
2023-11-28,daily,aggTrades,data/spot/daily/aggTrades/SANDUSDT/SANDUSDT-aggTrades-2023-11-28.zip
2023-11-29,daily,aggTrades,data/spot/daily/aggTrades/SANDUSDT/SANDUSDT-aggTrades-2023-11-29.zip
2023-11-30,daily,aggTrades,data/spot/daily/aggTrades/SANDUSDT/SANDUSDT-aggTrades-2023-11-30.zip
2023-12-01,daily,aggTrades,data/spot/daily/aggTrades/SANDUSDT/SANDUSDT-aggTrades-2023-12-01.zip
2023-12-01,monthly,aggTrades,data/spot/monthly/aggTrades/SANDUSDT/SANDUSDT-aggTrades-2023-12.zip
2023-12-01,monthly,trades,data/spot/monthly/trades/SANDUSDT/SANDUSDT-trades-2023-12.zip
2023-12-02,daily,aggTrades,data/spot/daily/aggTrades/SANDUSDT/SANDUSDT-aggTrades-2023-12-02.zip
2023-12-03,daily,aggTrades,data/spot/daily/aggTrades/SANDUSDT/SANDUSDT-aggTrades-2023-12-03.zip
2023-12-04,daily,aggTrades,data/spot/daily/aggTrades/SANDUSDT/SANDUSDT-aggTrades-2023-12-04.zip
2023-12-05,daily,aggTrades,data/spot/daily/aggTrades/SANDUSDT/SANDUSDT-aggTrades-2023-12-05.zip
2023-12-06,daily,aggTrades,data/spot/daily/aggTrades/SANDUSDT/SANDUSDT-aggTrades-2023-12-06.zip
2023-12-07,daily,aggTrades,data/spot/daily/aggTrades/SANDUSDT/SANDUSDT-aggTrades-2023-12-07.zip
2023-12-08,daily,aggTrades,data/spot/daily/aggTrades/SANDUSDT/SANDUSDT-aggTrades-2023-12-08.zip
2023-12-09,daily,aggTrades,data/spot/daily/aggTrades/SANDUSDT/SANDUSDT-aggTrades-2023-12-09.zip
2023-12-10,daily,aggTrades,data/spot/daily/aggTrades/SANDUSDT/SANDUSDT-aggTrades-2023-12-10.zip
2023-12-11,daily,aggTrades,data/spot/daily/aggTrades/SANDUSDT/SANDUSDT-aggTrades-2023-12-11.zip
2023-12-12,daily,aggTrades,data/spot/daily/aggTrades/SANDUSDT/SANDUSDT-aggTrades-2023-12-12.zip
2023-12-13,daily,aggTrades,data/spot/daily/aggTrades/SANDUSDT/SANDUSDT-aggTrades-2023-12-13.zip
2023-12-14,daily,aggTrades,data/spot/daily/aggTrades/SANDUSDT/SANDUSDT-aggTrades-2023-12-14.zip
2023-12-15,daily,aggTrades,data/spot/daily/aggTrades/SANDUSDT/SANDUSDT-aggTrades-2023-12-15.zip
2023-12-16,daily,aggTrades,data/spot/daily/aggTrades/SANDUSDT/SANDUSDT-aggTrades-2023-12-16.zip
2023-12-17,daily,aggTrades,data/spot/daily/aggTrades/SANDUSDT/SANDUSDT-aggTrades-2023-12-17.zip
2023-12-18,daily,aggTrades,data/spot/daily/aggTrades/SANDUSDT/SANDUSDT-aggTrades-2023-12-18.zip
2023-12-19,daily,aggTrades,data/spot/daily/aggTrades/SANDUSDT/SANDUSDT-aggTrades-2023-12-19.zip
2023-12-20,daily,aggTrades,data/spot/daily/aggTrades/SANDUSDT/SANDUSDT-aggTrades-2023-12-20.zip
2023-12-21,daily,aggTrades,data/spot/daily/aggTrades/SANDUSDT/SANDUSDT-aggTrades-2023-12-21.zip
2023-12-22,daily,aggTrades,data/spot/daily/aggTrades/SANDUSDT/SANDUSDT-aggTrades-2023-12-22.zip
2023-12-23,daily,aggTrades,data/spot/daily/aggTrades/SANDUSDT/SANDUSDT-aggTrades-2023-12-23.zip
2023-12-24,daily,aggTrades,data/spot/daily/aggTrades/SANDUSDT/SANDUSDT-aggTrades-2023-12-24.zip
2023-12-25,daily,aggTrades,data/spot/daily/aggTrades/SANDUSDT/SANDUSDT-aggTrades-2023-12-25.zip
2023-12-26,daily,aggTrades,data/spot/daily/aggTrades/SANDUSDT/SANDUSDT-aggTrades-2023-12-26.zip
2023-12-27,daily,aggTrades,data/spot/daily/aggTrades/SANDUSDT/SANDUSDT-aggTrades-2023-12-27.zip
2023-12-28,daily,aggTrades,data/spot/daily/aggTrades/SANDUSDT/SANDUSDT-aggTrades-2023-12-28.zip
2023-12-29,daily,aggTrades,data/spot/daily/aggTrades/SANDUSDT/SANDUSDT-aggTrades-2023-12-29.zip
2023-12-30,daily,aggTrades,data/spot/daily/aggTrades/SANDUSDT/SANDUSDT-aggTrades-2023-12-30.zip
2023-12-31,daily,aggTrades,data/spot/daily/aggTrades/SANDUSDT/SANDUSDT-aggTrades-2023-12-31.zip
2024-01-01,daily,aggTrades,data/spot/daily/aggTrades/SANDUSDT/SANDUSDT-aggTrades-2024-01-01.zip
2024-01-01,monthly,aggTrades,data/spot/monthly/aggTrades/SANDUSDT/SANDUSDT-aggTrades-2024-01.zip
2024-01-01,monthly,trades,data/spot/monthly/trades/SANDUSDT/SANDUSDT-trades-2024-01.zip
2024-01-02,daily,aggTrades,data/spot/daily/aggTrades/SANDUSDT/SANDUSDT-aggTrades-2024-01-02.zip
2024-01-03,daily,aggTrades,data/spot/daily/aggTrades/SANDUSDT/SANDUSDT-aggTrades-2024-01-03.zip
2024-01-04,daily,aggTrades,data/spot/daily/aggTrades/SANDUSDT/SANDUSDT-aggTrades-2024-01-04.zip
2024-01-05,daily,aggTrades,data/spot/daily/aggTrades/SANDUSDT/SANDUSDT-aggTrades-2024-01-05.zip
2024-01-06,daily,aggTrades,data/spot/daily/aggTrades/SANDUSDT/SANDUSDT-aggTrades-2024-01-06.zip
2024-01-07,daily,aggTrades,data/spot/daily/aggTrades/SANDUSDT/SANDUSDT-aggTrades-2024-01-07.zip
2024-01-08,daily,aggTrades,data/spot/daily/aggTrades/SANDUSDT/SANDUSDT-aggTrades-2024-01-08.zip
2024-01-09,daily,aggTrades,data/spot/daily/aggTrades/SANDUSDT/SANDUSDT-aggTrades-2024-01-09.zip
2024-01-10,daily,aggTrades,data/spot/daily/aggTrades/SANDUSDT/SANDUSDT-aggTrades-2024-01-10.zip
2024-01-11,daily,aggTrades,data/spot/daily/aggTrades/SANDUSDT/SANDUSDT-aggTrades-2024-01-11.zip
2024-01-12,daily,aggTrades,data/spot/daily/aggTrades/SANDUSDT/SANDUSDT-aggTrades-2024-01-12.zip
2024-01-13,daily,aggTrades,data/spot/daily/aggTrades/SANDUSDT/SANDUSDT-aggTrades-2024-01-13.zip
2024-01-14,daily,aggTrades,data/spot/daily/aggTrades/SANDUSDT/SANDUSDT-aggTrades-2024-01-14.zip
2024-01-15,daily,aggTrades,data/spot/daily/aggTrades/SANDUSDT/SANDUSDT-aggTrades-2024-01-15.zip
2024-01-16,daily,aggTrades,data/spot/daily/aggTrades/SANDUSDT/SANDUSDT-aggTrades-2024-01-16.zip
2024-01-17,daily,aggTrades,data/spot/daily/aggTrades/SANDUSDT/SANDUSDT-aggTrades-2024-01-17.zip
2024-01-18,daily,aggTrades,data/spot/daily/aggTrades/SANDUSDT/SANDUSDT-aggTrades-2024-01-18.zip
2024-01-19,daily,aggTrades,data/spot/daily/aggTrades/SANDUSDT/SANDUSDT-aggTrades-2024-01-19.zip
2024-01-20,daily,aggTrades,data/spot/daily/aggTrades/SANDUSDT/SANDUSDT-aggTrades-2024-01-20.zip
2024-01-21,daily,aggTrades,data/spot/daily/aggTrades/SANDUSDT/SANDUSDT-aggTrades-2024-01-21.zip
2024-01-22,daily,aggTrades,data/spot/daily/aggTrades/SANDUSDT/SANDUSDT-aggTrades-2024-01-22.zip
2024-01-23,daily,aggTrades,data/spot/daily/aggTrades/SANDUSDT/SANDUSDT-aggTrades-2024-01-23.zip
2024-01-24,daily,aggTrades,data/spot/daily/aggTrades/SANDUSDT/SANDUSDT-aggTrades-2024-01-24.zip
2024-01-25,daily,aggTrades,data/spot/daily/aggTrades/SANDUSDT/SANDUSDT-aggTrades-2024-01-25.zip
2024-01-26,daily,aggTrades,data/spot/daily/aggTrades/SANDUSDT/SANDUSDT-aggTrades-2024-01-26.zip
2024-01-27,daily,aggTrades,data/spot/daily/aggTrades/SANDUSDT/SANDUSDT-aggTrades-2024-01-27.zip
2024-01-28,daily,aggTrades,data/spot/daily/aggTrades/SANDUSDT/SANDUSDT-aggTrades-2024-01-28.zip
2024-01-29,daily,aggTrades,data/spot/daily/aggTrades/SANDUSDT/SANDUSDT-aggTrades-2024-01-29.zip
2024-01-30,daily,aggTrades,data/spot/daily/aggTrades/SANDUSDT/SANDUSDT-aggTrades-2024-01-30.zip
2024-01-31,daily,aggTrades,data/spot/daily/aggTrades/SANDUSDT/SANDUSDT-aggTrades-2024-01-31.zip
2024-02-01,daily,aggTrades,data/spot/daily/aggTrades/SANDUSDT/SANDUSDT-aggTrades-2024-02-01.zip
2024-02-01,monthly,aggTrades,data/spot/monthly/aggTrades/SANDUSDT/SANDUSDT-aggTrades-2024-02.zip
2024-02-01,monthly,trades,data/spot/monthly/trades/SANDUSDT/SANDUSDT-trades-2024-02.zip
2024-02-02,daily,aggTrades,data/spot/daily/aggTrades/SANDUSDT/SANDUSDT-aggTrades-2024-02-02.zip
2024-02-03,daily,aggTrades,data/spot/daily/aggTrades/SANDUSDT/SANDUSDT-aggTrades-2024-02-03.zip
2024-02-04,daily,aggTrades,data/spot/daily/aggTrades/SANDUSDT/SANDUSDT-aggTrades-2024-02-04.zip
2024-02-05,daily,aggTrades,data/spot/daily/aggTrades/SANDUSDT/SANDUSDT-aggTrades-2024-02-05.zip
2024-02-06,daily,aggTrades,data/spot/daily/aggTrades/SANDUSDT/SANDUSDT-aggTrades-2024-02-06.zip
2024-02-07,daily,aggTrades,data/spot/daily/aggTrades/SANDUSDT/SANDUSDT-aggTrades-2024-02-07.zip
2024-02-08,daily,aggTrades,data/spot/daily/aggTrades/SANDUSDT/SANDUSDT-aggTrades-2024-02-08.zip
2024-02-09,daily,aggTrades,data/spot/daily/aggTrades/SANDUSDT/SANDUSDT-aggTrades-2024-02-09.zip
2024-02-10,daily,aggTrades,data/spot/daily/aggTrades/SANDUSDT/SANDUSDT-aggTrades-2024-02-10.zip
2024-02-11,daily,aggTrades,data/spot/daily/aggTrades/SANDUSDT/SANDUSDT-aggTrades-2024-02-11.zip
2024-02-12,daily,aggTrades,data/spot/daily/aggTrades/SANDUSDT/SANDUSDT-aggTrades-2024-02-12.zip
2024-02-13,daily,aggTrades,data/spot/daily/aggTrades/SANDUSDT/SANDUSDT-aggTrades-2024-02-13.zip
2024-02-14,daily,aggTrades,data/spot/daily/aggTrades/SANDUSDT/SANDUSDT-aggTrades-2024-02-14.zip
2024-02-15,daily,aggTrades,data/spot/daily/aggTrades/SANDUSDT/SANDUSDT-aggTrades-2024-02-15.zip
2024-02-16,daily,aggTrades,data/spot/daily/aggTrades/SANDUSDT/SANDUSDT-aggTrades-2024-02-16.zip
2024-02-17,daily,aggTrades,data/spot/daily/aggTrades/SANDUSDT/SANDUSDT-aggTrades-2024-02-17.zip
2024-02-18,daily,aggTrades,data/spot/daily/aggTrades/SANDUSDT/SANDUSDT-aggTrades-2024-02-18.zip
2024-02-19,daily,aggTrades,data/spot/daily/aggTrades/SANDUSDT/SANDUSDT-aggTrades-2024-02-19.zip
2024-02-20,daily,aggTrades,data/spot/daily/aggTrades/SANDUSDT/SANDUSDT-aggTrades-2024-02-20.zip
2024-02-21,daily,aggTrades,data/spot/daily/aggTrades/SANDUSDT/SANDUSDT-aggTrades-2024-02-21.zip
2024-02-22,daily,aggTrades,data/spot/daily/aggTrades/SANDUSDT/SANDUSDT-aggTrades-2024-02-22.zip
2024-02-23,daily,aggTrades,data/spot/daily/aggTrades/SANDUSDT/SANDUSDT-aggTrades-2024-02-23.zip
2024-02-24,daily,aggTrades,data/spot/daily/aggTrades/SANDUSDT/SANDUSDT-aggTrades-2024-02-24.zip
2024-02-25,daily,aggTrades,data/spot/daily/aggTrades/SANDUSDT/SANDUSDT-aggTrades-2024-02-25.zip
2024-02-26,daily,aggTrades,data/spot/daily/aggTrades/SANDUSDT/SANDUSDT-aggTrades-2024-02-26.zip
2024-02-27,daily,aggTrades,data/spot/daily/aggTrades/SANDUSDT/SANDUSDT-aggTrades-2024-02-27.zip
2024-02-28,daily,aggTrades,data/spot/daily/aggTrades/SANDUSDT/SANDUSDT-aggTrades-2024-02-28.zip
2024-02-29,daily,aggTrades,data/spot/daily/aggTrades/SANDUSDT/SANDUSDT-aggTrades-2024-02-29.zip
2024-03-01,daily,aggTrades,data/spot/daily/aggTrades/SANDUSDT/SANDUSDT-aggTrades-2024-03-01.zip
2024-03-01,monthly,aggTrades,data/spot/monthly/aggTrades/SANDUSDT/SANDUSDT-aggTrades-2024-03.zip
2024-03-01,monthly,trades,data/spot/monthly/trades/SANDUSDT/SANDUSDT-trades-2024-03.zip
2024-03-02,daily,aggTrades,data/spot/daily/aggTrades/SANDUSDT/SANDUSDT-aggTrades-2024-03-02.zip
2024-03-03,daily,aggTrades,data/spot/daily/aggTrades/SANDUSDT/SANDUSDT-aggTrades-2024-03-03.zip
2024-03-04,daily,aggTrades,data/spot/daily/aggTrades/SANDUSDT/SANDUSDT-aggTrades-2024-03-04.zip
2024-03-05,daily,aggTrades,data/spot/daily/aggTrades/SANDUSDT/SANDUSDT-aggTrades-2024-03-05.zip
2024-03-06,daily,aggTrades,data/spot/daily/aggTrades/SANDUSDT/SANDUSDT-aggTrades-2024-03-06.zip
2024-03-07,daily,aggTrades,data/spot/daily/aggTrades/SANDUSDT/SANDUSDT-aggTrades-2024-03-07.zip
2024-03-08,daily,aggTrades,data/spot/daily/aggTrades/SANDUSDT/SANDUSDT-aggTrades-2024-03-08.zip
2024-03-09,daily,aggTrades,data/spot/daily/aggTrades/SANDUSDT/SANDUSDT-aggTrades-2024-03-09.zip
2024-03-10,daily,aggTrades,data/spot/daily/aggTrades/SANDUSDT/SANDUSDT-aggTrades-2024-03-10.zip
2024-03-11,daily,aggTrades,data/spot/daily/aggTrades/SANDUSDT/SANDUSDT-aggTrades-2024-03-11.zip
2024-03-12,daily,aggTrades,data/spot/daily/aggTrades/SANDUSDT/SANDUSDT-aggTrades-2024-03-12.zip
2024-03-13,daily,aggTrades,data/spot/daily/aggTrades/SANDUSDT/SANDUSDT-aggTrades-2024-03-13.zip
2024-03-14,daily,aggTrades,data/spot/daily/aggTrades/SANDUSDT/SANDUSDT-aggTrades-2024-03-14.zip
2024-03-15,daily,aggTrades,data/spot/daily/aggTrades/SANDUSDT/SANDUSDT-aggTrades-2024-03-15.zip
2024-03-16,daily,aggTrades,data/spot/daily/aggTrades/SANDUSDT/SANDUSDT-aggTrades-2024-03-16.zip
2024-03-17,daily,aggTrades,data/spot/daily/aggTrades/SANDUSDT/SANDUSDT-aggTrades-2024-03-17.zip
2024-03-18,daily,aggTrades,data/spot/daily/aggTrades/SANDUSDT/SANDUSDT-aggTrades-2024-03-18.zip
2024-03-19,daily,aggTrades,data/spot/daily/aggTrades/SANDUSDT/SANDUSDT-aggTrades-2024-03-19.zip
2024-03-20,daily,aggTrades,data/spot/daily/aggTrades/SANDUSDT/SANDUSDT-aggTrades-2024-03-20.zip
2024-03-21,daily,aggTrades,data/spot/daily/aggTrades/SANDUSDT/SANDUSDT-aggTrades-2024-03-21.zip
2024-03-22,daily,aggTrades,data/spot/daily/aggTrades/SANDUSDT/SANDUSDT-aggTrades-2024-03-22.zip
2024-03-23,daily,aggTrades,data/spot/daily/aggTrades/SANDUSDT/SANDUSDT-aggTrades-2024-03-23.zip
2024-03-24,daily,aggTrades,data/spot/daily/aggTrades/SANDUSDT/SANDUSDT-aggTrades-2024-03-24.zip
2024-03-25,daily,aggTrades,data/spot/daily/aggTrades/SANDUSDT/SANDUSDT-aggTrades-2024-03-25.zip
2024-03-26,daily,aggTrades,data/spot/daily/aggTrades/SANDUSDT/SANDUSDT-aggTrades-2024-03-26.zip
2024-03-27,daily,aggTrades,data/spot/daily/aggTrades/SANDUSDT/SANDUSDT-aggTrades-2024-03-27.zip
2024-03-28,daily,aggTrades,data/spot/daily/aggTrades/SANDUSDT/SANDUSDT-aggTrades-2024-03-28.zip
2024-03-29,daily,aggTrades,data/spot/daily/aggTrades/SANDUSDT/SANDUSDT-aggTrades-2024-03-29.zip
2024-03-30,daily,aggTrades,data/spot/daily/aggTrades/SANDUSDT/SANDUSDT-aggTrades-2024-03-30.zip
2024-03-31,daily,aggTrades,data/spot/daily/aggTrades/SANDUSDT/SANDUSDT-aggTrades-2024-03-31.zip
2024-04-01,daily,aggTrades,data/spot/daily/aggTrades/SANDUSDT/SANDUSDT-aggTrades-2024-04-01.zip
2024-04-01,monthly,aggTrades,data/spot/monthly/aggTrades/SANDUSDT/SANDUSDT-aggTrades-2024-04.zip
2024-04-01,monthly,trades,data/spot/monthly/trades/SANDUSDT/SANDUSDT-trades-2024-04.zip
2024-04-02,daily,aggTrades,data/spot/daily/aggTrades/SANDUSDT/SANDUSDT-aggTrades-2024-04-02.zip
2024-04-03,daily,aggTrades,data/spot/daily/aggTrades/SANDUSDT/SANDUSDT-aggTrades-2024-04-03.zip
2024-04-04,daily,aggTrades,data/spot/daily/aggTrades/SANDUSDT/SANDUSDT-aggTrades-2024-04-04.zip
2024-04-05,daily,aggTrades,data/spot/daily/aggTrades/SANDUSDT/SANDUSDT-aggTrades-2024-04-05.zip
2024-04-06,daily,aggTrades,data/spot/daily/aggTrades/SANDUSDT/SANDUSDT-aggTrades-2024-04-06.zip
2024-04-07,daily,aggTrades,data/spot/daily/aggTrades/SANDUSDT/SANDUSDT-aggTrades-2024-04-07.zip
2024-04-08,daily,aggTrades,data/spot/daily/aggTrades/SANDUSDT/SANDUSDT-aggTrades-2024-04-08.zip
2024-04-09,daily,aggTrades,data/spot/daily/aggTrades/SANDUSDT/SANDUSDT-aggTrades-2024-04-09.zip
2024-04-10,daily,aggTrades,data/spot/daily/aggTrades/SANDUSDT/SANDUSDT-aggTrades-2024-04-10.zip
2024-04-11,daily,aggTrades,data/spot/daily/aggTrades/SANDUSDT/SANDUSDT-aggTrades-2024-04-11.zip
2024-04-12,daily,aggTrades,data/spot/daily/aggTrades/SANDUSDT/SANDUSDT-aggTrades-2024-04-12.zip
2024-04-13,daily,aggTrades,data/spot/daily/aggTrades/SANDUSDT/SANDUSDT-aggTrades-2024-04-13.zip
2024-04-14,daily,aggTrades,data/spot/daily/aggTrades/SANDUSDT/SANDUSDT-aggTrades-2024-04-14.zip
2024-04-15,daily,aggTrades,data/spot/daily/aggTrades/SANDUSDT/SANDUSDT-aggTrades-2024-04-15.zip
2024-04-16,daily,aggTrades,data/spot/daily/aggTrades/SANDUSDT/SANDUSDT-aggTrades-2024-04-16.zip
2024-04-17,daily,aggTrades,data/spot/daily/aggTrades/SANDUSDT/SANDUSDT-aggTrades-2024-04-17.zip
2024-04-18,daily,aggTrades,data/spot/daily/aggTrades/SANDUSDT/SANDUSDT-aggTrades-2024-04-18.zip
2024-04-19,daily,aggTrades,data/spot/daily/aggTrades/SANDUSDT/SANDUSDT-aggTrades-2024-04-19.zip
2024-04-20,daily,aggTrades,data/spot/daily/aggTrades/SANDUSDT/SANDUSDT-aggTrades-2024-04-20.zip
2024-04-21,daily,aggTrades,data/spot/daily/aggTrades/SANDUSDT/SANDUSDT-aggTrades-2024-04-21.zip
2024-04-22,daily,aggTrades,data/spot/daily/aggTrades/SANDUSDT/SANDUSDT-aggTrades-2024-04-22.zip
2024-04-23,daily,aggTrades,data/spot/daily/aggTrades/SANDUSDT/SANDUSDT-aggTrades-2024-04-23.zip
2024-04-24,daily,aggTrades,data/spot/daily/aggTrades/SANDUSDT/SANDUSDT-aggTrades-2024-04-24.zip
2024-04-25,daily,aggTrades,data/spot/daily/aggTrades/SANDUSDT/SANDUSDT-aggTrades-2024-04-25.zip
2024-04-26,daily,aggTrades,data/spot/daily/aggTrades/SANDUSDT/SANDUSDT-aggTrades-2024-04-26.zip
2024-04-27,daily,aggTrades,data/spot/daily/aggTrades/SANDUSDT/SANDUSDT-aggTrades-2024-04-27.zip
2024-04-28,daily,aggTrades,data/spot/daily/aggTrades/SANDUSDT/SANDUSDT-aggTrades-2024-04-28.zip
2024-04-29,daily,aggTrades,data/spot/daily/aggTrades/SANDUSDT/SANDUSDT-aggTrades-2024-04-29.zip
2024-04-30,daily,aggTrades,data/spot/daily/aggTrades/SANDUSDT/SANDUSDT-aggTrades-2024-04-30.zip
2024-05-01,daily,aggTrades,data/spot/daily/aggTrades/SANDUSDT/SANDUSDT-aggTrades-2024-05-01.zip
2024-05-01,monthly,aggTrades,data/spot/monthly/aggTrades/SANDUSDT/SANDUSDT-aggTrades-2024-05.zip
2024-05-01,monthly,trades,data/spot/monthly/trades/SANDUSDT/SANDUSDT-trades-2024-05.zip
2024-05-02,daily,aggTrades,data/spot/daily/aggTrades/SANDUSDT/SANDUSDT-aggTrades-2024-05-02.zip
2024-05-03,daily,aggTrades,data/spot/daily/aggTrades/SANDUSDT/SANDUSDT-aggTrades-2024-05-03.zip
2024-05-04,daily,aggTrades,data/spot/daily/aggTrades/SANDUSDT/SANDUSDT-aggTrades-2024-05-04.zip
2024-05-05,daily,aggTrades,data/spot/daily/aggTrades/SANDUSDT/SANDUSDT-aggTrades-2024-05-05.zip
2024-05-06,daily,aggTrades,data/spot/daily/aggTrades/SANDUSDT/SANDUSDT-aggTrades-2024-05-06.zip
2024-05-07,daily,aggTrades,data/spot/daily/aggTrades/SANDUSDT/SANDUSDT-aggTrades-2024-05-07.zip
2024-05-08,daily,aggTrades,data/spot/daily/aggTrades/SANDUSDT/SANDUSDT-aggTrades-2024-05-08.zip
2024-05-09,daily,aggTrades,data/spot/daily/aggTrades/SANDUSDT/SANDUSDT-aggTrades-2024-05-09.zip
2024-05-10,daily,aggTrades,data/spot/daily/aggTrades/SANDUSDT/SANDUSDT-aggTrades-2024-05-10.zip
2024-05-11,daily,aggTrades,data/spot/daily/aggTrades/SANDUSDT/SANDUSDT-aggTrades-2024-05-11.zip
2024-05-12,daily,aggTrades,data/spot/daily/aggTrades/SANDUSDT/SANDUSDT-aggTrades-2024-05-12.zip
2024-05-13,daily,aggTrades,data/spot/daily/aggTrades/SANDUSDT/SANDUSDT-aggTrades-2024-05-13.zip
2024-05-14,daily,aggTrades,data/spot/daily/aggTrades/SANDUSDT/SANDUSDT-aggTrades-2024-05-14.zip
2024-05-15,daily,aggTrades,data/spot/daily/aggTrades/SANDUSDT/SANDUSDT-aggTrades-2024-05-15.zip
2024-05-16,daily,aggTrades,data/spot/daily/aggTrades/SANDUSDT/SANDUSDT-aggTrades-2024-05-16.zip
2024-05-17,daily,aggTrades,data/spot/daily/aggTrades/SANDUSDT/SANDUSDT-aggTrades-2024-05-17.zip
2024-05-18,daily,aggTrades,data/spot/daily/aggTrades/SANDUSDT/SANDUSDT-aggTrades-2024-05-18.zip
2024-05-19,daily,aggTrades,data/spot/daily/aggTrades/SANDUSDT/SANDUSDT-aggTrades-2024-05-19.zip
2024-05-20,daily,aggTrades,data/spot/daily/aggTrades/SANDUSDT/SANDUSDT-aggTrades-2024-05-20.zip
2024-05-21,daily,aggTrades,data/spot/daily/aggTrades/SANDUSDT/SANDUSDT-aggTrades-2024-05-21.zip
2024-05-22,daily,aggTrades,data/spot/daily/aggTrades/SANDUSDT/SANDUSDT-aggTrades-2024-05-22.zip
2024-05-23,daily,aggTrades,data/spot/daily/aggTrades/SANDUSDT/SANDUSDT-aggTrades-2024-05-23.zip
2024-05-24,daily,aggTrades,data/spot/daily/aggTrades/SANDUSDT/SANDUSDT-aggTrades-2024-05-24.zip
2024-05-25,daily,aggTrades,data/spot/daily/aggTrades/SANDUSDT/SANDUSDT-aggTrades-2024-05-25.zip
2024-05-26,daily,aggTrades,data/spot/daily/aggTrades/SANDUSDT/SANDUSDT-aggTrades-2024-05-26.zip
2024-05-27,daily,aggTrades,data/spot/daily/aggTrades/SANDUSDT/SANDUSDT-aggTrades-2024-05-27.zip
2024-05-28,daily,aggTrades,data/spot/daily/aggTrades/SANDUSDT/SANDUSDT-aggTrades-2024-05-28.zip
2024-05-29,daily,aggTrades,data/spot/daily/aggTrades/SANDUSDT/SANDUSDT-aggTrades-2024-05-29.zip
2024-05-30,daily,aggTrades,data/spot/daily/aggTrades/SANDUSDT/SANDUSDT-aggTrades-2024-05-30.zip
2024-05-31,daily,aggTrades,data/spot/daily/aggTrades/SANDUSDT/SANDUSDT-aggTrades-2024-05-31.zip
2024-06-01,daily,aggTrades,data/spot/daily/aggTrades/SANDUSDT/SANDUSDT-aggTrades-2024-06-01.zip
2024-06-01,monthly,aggTrades,data/spot/monthly/aggTrades/SANDUSDT/SANDUSDT-aggTrades-2024-06.zip
2024-06-01,monthly,trades,data/spot/monthly/trades/SANDUSDT/SANDUSDT-trades-2024-06.zip
2024-06-02,daily,aggTrades,data/spot/daily/aggTrades/SANDUSDT/SANDUSDT-aggTrades-2024-06-02.zip
2024-06-03,daily,aggTrades,data/spot/daily/aggTrades/SANDUSDT/SANDUSDT-aggTrades-2024-06-03.zip
2024-06-04,daily,aggTrades,data/spot/daily/aggTrades/SANDUSDT/SANDUSDT-aggTrades-2024-06-04.zip
2024-06-05,daily,aggTrades,data/spot/daily/aggTrades/SANDUSDT/SANDUSDT-aggTrades-2024-06-05.zip
2024-06-06,daily,aggTrades,data/spot/daily/aggTrades/SANDUSDT/SANDUSDT-aggTrades-2024-06-06.zip
2024-06-07,daily,aggTrades,data/spot/daily/aggTrades/SANDUSDT/SANDUSDT-aggTrades-2024-06-07.zip
2024-06-08,daily,aggTrades,data/spot/daily/aggTrades/SANDUSDT/SANDUSDT-aggTrades-2024-06-08.zip
2024-06-09,daily,aggTrades,data/spot/daily/aggTrades/SANDUSDT/SANDUSDT-aggTrades-2024-06-09.zip
2024-06-10,daily,aggTrades,data/spot/daily/aggTrades/SANDUSDT/SANDUSDT-aggTrades-2024-06-10.zip
2024-06-11,daily,aggTrades,data/spot/daily/aggTrades/SANDUSDT/SANDUSDT-aggTrades-2024-06-11.zip
2024-06-12,daily,aggTrades,data/spot/daily/aggTrades/SANDUSDT/SANDUSDT-aggTrades-2024-06-12.zip
2024-06-13,daily,aggTrades,data/spot/daily/aggTrades/SANDUSDT/SANDUSDT-aggTrades-2024-06-13.zip
2024-06-14,daily,aggTrades,data/spot/daily/aggTrades/SANDUSDT/SANDUSDT-aggTrades-2024-06-14.zip
2024-06-15,daily,aggTrades,data/spot/daily/aggTrades/SANDUSDT/SANDUSDT-aggTrades-2024-06-15.zip
2024-06-16,daily,aggTrades,data/spot/daily/aggTrades/SANDUSDT/SANDUSDT-aggTrades-2024-06-16.zip
2024-06-17,daily,aggTrades,data/spot/daily/aggTrades/SANDUSDT/SANDUSDT-aggTrades-2024-06-17.zip
2024-06-18,daily,aggTrades,data/spot/daily/aggTrades/SANDUSDT/SANDUSDT-aggTrades-2024-06-18.zip
2024-06-19,daily,aggTrades,data/spot/daily/aggTrades/SANDUSDT/SANDUSDT-aggTrades-2024-06-19.zip
2024-06-20,daily,aggTrades,data/spot/daily/aggTrades/SANDUSDT/SANDUSDT-aggTrades-2024-06-20.zip
2024-06-21,daily,aggTrades,data/spot/daily/aggTrades/SANDUSDT/SANDUSDT-aggTrades-2024-06-21.zip
2024-06-22,daily,aggTrades,data/spot/daily/aggTrades/SANDUSDT/SANDUSDT-aggTrades-2024-06-22.zip
2024-06-23,daily,aggTrades,data/spot/daily/aggTrades/SANDUSDT/SANDUSDT-aggTrades-2024-06-23.zip
2024-06-24,daily,aggTrades,data/spot/daily/aggTrades/SANDUSDT/SANDUSDT-aggTrades-2024-06-24.zip
2024-06-25,daily,aggTrades,data/spot/daily/aggTrades/SANDUSDT/SANDUSDT-aggTrades-2024-06-25.zip
2024-06-26,daily,aggTrades,data/spot/daily/aggTrades/SANDUSDT/SANDUSDT-aggTrades-2024-06-26.zip
2024-06-27,daily,aggTrades,data/spot/daily/aggTrades/SANDUSDT/SANDUSDT-aggTrades-2024-06-27.zip
2024-06-28,daily,aggTrades,data/spot/daily/aggTrades/SANDUSDT/SANDUSDT-aggTrades-2024-06-28.zip
2024-06-29,daily,aggTrades,data/spot/daily/aggTrades/SANDUSDT/SANDUSDT-aggTrades-2024-06-29.zip
2024-06-30,daily,aggTrades,data/spot/daily/aggTrades/SANDUSDT/SANDUSDT-aggTrades-2024-06-30.zip
2024-07-01,daily,aggTrades,data/spot/daily/aggTrades/SANDUSDT/SANDUSDT-aggTrades-2024-07-01.zip
2024-07-01,monthly,aggTrades,data/spot/monthly/aggTrades/SANDUSDT/SANDUSDT-aggTrades-2024-07.zip
2024-07-01,monthly,trades,data/spot/monthly/trades/SANDUSDT/SANDUSDT-trades-2024-07.zip
2024-07-02,daily,aggTrades,data/spot/daily/aggTrades/SANDUSDT/SANDUSDT-aggTrades-2024-07-02.zip
2024-07-03,daily,aggTrades,data/spot/daily/aggTrades/SANDUSDT/SANDUSDT-aggTrades-2024-07-03.zip
2024-07-04,daily,aggTrades,data/spot/daily/aggTrades/SANDUSDT/SANDUSDT-aggTrades-2024-07-04.zip
2024-07-05,daily,aggTrades,data/spot/daily/aggTrades/SANDUSDT/SANDUSDT-aggTrades-2024-07-05.zip
2024-07-06,daily,aggTrades,data/spot/daily/aggTrades/SANDUSDT/SANDUSDT-aggTrades-2024-07-06.zip
2024-07-07,daily,aggTrades,data/spot/daily/aggTrades/SANDUSDT/SANDUSDT-aggTrades-2024-07-07.zip
2024-07-08,daily,aggTrades,data/spot/daily/aggTrades/SANDUSDT/SANDUSDT-aggTrades-2024-07-08.zip
2024-07-09,daily,aggTrades,data/spot/daily/aggTrades/SANDUSDT/SANDUSDT-aggTrades-2024-07-09.zip
2024-07-10,daily,aggTrades,data/spot/daily/aggTrades/SANDUSDT/SANDUSDT-aggTrades-2024-07-10.zip
2024-07-11,daily,aggTrades,data/spot/daily/aggTrades/SANDUSDT/SANDUSDT-aggTrades-2024-07-11.zip
2024-07-12,daily,aggTrades,data/spot/daily/aggTrades/SANDUSDT/SANDUSDT-aggTrades-2024-07-12.zip
2024-07-13,daily,aggTrades,data/spot/daily/aggTrades/SANDUSDT/SANDUSDT-aggTrades-2024-07-13.zip
2024-07-14,daily,aggTrades,data/spot/daily/aggTrades/SANDUSDT/SANDUSDT-aggTrades-2024-07-14.zip
2024-07-15,daily,aggTrades,data/spot/daily/aggTrades/SANDUSDT/SANDUSDT-aggTrades-2024-07-15.zip
2024-07-16,daily,aggTrades,data/spot/daily/aggTrades/SANDUSDT/SANDUSDT-aggTrades-2024-07-16.zip
2024-07-17,daily,aggTrades,data/spot/daily/aggTrades/SANDUSDT/SANDUSDT-aggTrades-2024-07-17.zip
2024-07-18,daily,aggTrades,data/spot/daily/aggTrades/SANDUSDT/SANDUSDT-aggTrades-2024-07-18.zip
2024-07-19,daily,aggTrades,data/spot/daily/aggTrades/SANDUSDT/SANDUSDT-aggTrades-2024-07-19.zip
2024-07-20,daily,aggTrades,data/spot/daily/aggTrades/SANDUSDT/SANDUSDT-aggTrades-2024-07-20.zip
2024-07-21,daily,aggTrades,data/spot/daily/aggTrades/SANDUSDT/SANDUSDT-aggTrades-2024-07-21.zip
2024-07-22,daily,aggTrades,data/spot/daily/aggTrades/SANDUSDT/SANDUSDT-aggTrades-2024-07-22.zip
2024-07-23,daily,aggTrades,data/spot/daily/aggTrades/SANDUSDT/SANDUSDT-aggTrades-2024-07-23.zip
2024-07-24,daily,aggTrades,data/spot/daily/aggTrades/SANDUSDT/SANDUSDT-aggTrades-2024-07-24.zip
2024-07-25,daily,aggTrades,data/spot/daily/aggTrades/SANDUSDT/SANDUSDT-aggTrades-2024-07-25.zip
2024-07-26,daily,aggTrades,data/spot/daily/aggTrades/SANDUSDT/SANDUSDT-aggTrades-2024-07-26.zip
2024-07-27,daily,aggTrades,data/spot/daily/aggTrades/SANDUSDT/SANDUSDT-aggTrades-2024-07-27.zip
2024-07-28,daily,aggTrades,data/spot/daily/aggTrades/SANDUSDT/SANDUSDT-aggTrades-2024-07-28.zip
2024-07-29,daily,aggTrades,data/spot/daily/aggTrades/SANDUSDT/SANDUSDT-aggTrades-2024-07-29.zip
2024-07-30,daily,aggTrades,data/spot/daily/aggTrades/SANDUSDT/SANDUSDT-aggTrades-2024-07-30.zip
2024-07-31,daily,aggTrades,data/spot/daily/aggTrades/SANDUSDT/SANDUSDT-aggTrades-2024-07-31.zip
2024-08-01,daily,aggTrades,data/spot/daily/aggTrades/SANDUSDT/SANDUSDT-aggTrades-2024-08-01.zip
2024-08-01,monthly,aggTrades,data/spot/monthly/aggTrades/SANDUSDT/SANDUSDT-aggTrades-2024-08.zip
2024-08-01,monthly,trades,data/spot/monthly/trades/SANDUSDT/SANDUSDT-trades-2024-08.zip
2024-08-02,daily,aggTrades,data/spot/daily/aggTrades/SANDUSDT/SANDUSDT-aggTrades-2024-08-02.zip
2024-08-03,daily,aggTrades,data/spot/daily/aggTrades/SANDUSDT/SANDUSDT-aggTrades-2024-08-03.zip
2024-08-04,daily,aggTrades,data/spot/daily/aggTrades/SANDUSDT/SANDUSDT-aggTrades-2024-08-04.zip
2024-08-05,daily,aggTrades,data/spot/daily/aggTrades/SANDUSDT/SANDUSDT-aggTrades-2024-08-05.zip
2024-08-06,daily,aggTrades,data/spot/daily/aggTrades/SANDUSDT/SANDUSDT-aggTrades-2024-08-06.zip
2024-08-07,daily,aggTrades,data/spot/daily/aggTrades/SANDUSDT/SANDUSDT-aggTrades-2024-08-07.zip
2024-08-08,daily,aggTrades,data/spot/daily/aggTrades/SANDUSDT/SANDUSDT-aggTrades-2024-08-08.zip
2024-08-09,daily,aggTrades,data/spot/daily/aggTrades/SANDUSDT/SANDUSDT-aggTrades-2024-08-09.zip
2024-08-10,daily,aggTrades,data/spot/daily/aggTrades/SANDUSDT/SANDUSDT-aggTrades-2024-08-10.zip
2024-08-11,daily,aggTrades,data/spot/daily/aggTrades/SANDUSDT/SANDUSDT-aggTrades-2024-08-11.zip
2024-08-12,daily,aggTrades,data/spot/daily/aggTrades/SANDUSDT/SANDUSDT-aggTrades-2024-08-12.zip
2024-08-13,daily,aggTrades,data/spot/daily/aggTrades/SANDUSDT/SANDUSDT-aggTrades-2024-08-13.zip
2024-08-14,daily,aggTrades,data/spot/daily/aggTrades/SANDUSDT/SANDUSDT-aggTrades-2024-08-14.zip
2024-08-15,daily,aggTrades,data/spot/daily/aggTrades/SANDUSDT/SANDUSDT-aggTrades-2024-08-15.zip
2024-08-16,daily,aggTrades,data/spot/daily/aggTrades/SANDUSDT/SANDUSDT-aggTrades-2024-08-16.zip
2024-08-17,daily,aggTrades,data/spot/daily/aggTrades/SANDUSDT/SANDUSDT-aggTrades-2024-08-17.zip
2024-08-18,daily,aggTrades,data/spot/daily/aggTrades/SANDUSDT/SANDUSDT-aggTrades-2024-08-18.zip
2024-08-19,daily,aggTrades,data/spot/daily/aggTrades/SANDUSDT/SANDUSDT-aggTrades-2024-08-19.zip
2024-08-20,daily,aggTrades,data/spot/daily/aggTrades/SANDUSDT/SANDUSDT-aggTrades-2024-08-20.zip
2024-08-21,daily,aggTrades,data/spot/daily/aggTrades/SANDUSDT/SANDUSDT-aggTrades-2024-08-21.zip
2024-08-22,daily,aggTrades,data/spot/daily/aggTrades/SANDUSDT/SANDUSDT-aggTrades-2024-08-22.zip
2024-08-23,daily,aggTrades,data/spot/daily/aggTrades/SANDUSDT/SANDUSDT-aggTrades-2024-08-23.zip
2024-08-24,daily,aggTrades,data/spot/daily/aggTrades/SANDUSDT/SANDUSDT-aggTrades-2024-08-24.zip
2024-08-25,daily,aggTrades,data/spot/daily/aggTrades/SANDUSDT/SANDUSDT-aggTrades-2024-08-25.zip
2024-08-26,daily,aggTrades,data/spot/daily/aggTrades/SANDUSDT/SANDUSDT-aggTrades-2024-08-26.zip
2024-08-27,daily,aggTrades,data/spot/daily/aggTrades/SANDUSDT/SANDUSDT-aggTrades-2024-08-27.zip
2024-08-28,daily,aggTrades,data/spot/daily/aggTrades/SANDUSDT/SANDUSDT-aggTrades-2024-08-28.zip
2024-08-29,daily,aggTrades,data/spot/daily/aggTrades/SANDUSDT/SANDUSDT-aggTrades-2024-08-29.zip
2024-08-30,daily,aggTrades,data/spot/daily/aggTrades/SANDUSDT/SANDUSDT-aggTrades-2024-08-30.zip
2024-08-31,daily,aggTrades,data/spot/daily/aggTrades/SANDUSDT/SANDUSDT-aggTrades-2024-08-31.zip
2024-09-01,daily,aggTrades,data/spot/daily/aggTrades/SANDUSDT/SANDUSDT-aggTrades-2024-09-01.zip
2024-09-01,monthly,aggTrades,data/spot/monthly/aggTrades/SANDUSDT/SANDUSDT-aggTrades-2024-09.zip
2024-09-01,monthly,trades,data/spot/monthly/trades/SANDUSDT/SANDUSDT-trades-2024-09.zip
2024-09-02,daily,aggTrades,data/spot/daily/aggTrades/SANDUSDT/SANDUSDT-aggTrades-2024-09-02.zip
2024-09-03,daily,aggTrades,data/spot/daily/aggTrades/SANDUSDT/SANDUSDT-aggTrades-2024-09-03.zip
2024-09-04,daily,aggTrades,data/spot/daily/aggTrades/SANDUSDT/SANDUSDT-aggTrades-2024-09-04.zip
2024-09-05,daily,aggTrades,data/spot/daily/aggTrades/SANDUSDT/SANDUSDT-aggTrades-2024-09-05.zip
2024-09-06,daily,aggTrades,data/spot/daily/aggTrades/SANDUSDT/SANDUSDT-aggTrades-2024-09-06.zip
2024-09-07,daily,aggTrades,data/spot/daily/aggTrades/SANDUSDT/SANDUSDT-aggTrades-2024-09-07.zip
2024-09-08,daily,aggTrades,data/spot/daily/aggTrades/SANDUSDT/SANDUSDT-aggTrades-2024-09-08.zip
2024-09-09,daily,aggTrades,data/spot/daily/aggTrades/SANDUSDT/SANDUSDT-aggTrades-2024-09-09.zip
2024-09-10,daily,aggTrades,data/spot/daily/aggTrades/SANDUSDT/SANDUSDT-aggTrades-2024-09-10.zip
2024-09-11,daily,aggTrades,data/spot/daily/aggTrades/SANDUSDT/SANDUSDT-aggTrades-2024-09-11.zip
2024-09-12,daily,aggTrades,data/spot/daily/aggTrades/SANDUSDT/SANDUSDT-aggTrades-2024-09-12.zip
2024-09-13,daily,aggTrades,data/spot/daily/aggTrades/SANDUSDT/SANDUSDT-aggTrades-2024-09-13.zip
2024-09-14,daily,aggTrades,data/spot/daily/aggTrades/SANDUSDT/SANDUSDT-aggTrades-2024-09-14.zip
2024-09-15,daily,aggTrades,data/spot/daily/aggTrades/SANDUSDT/SANDUSDT-aggTrades-2024-09-15.zip
2024-09-16,daily,aggTrades,data/spot/daily/aggTrades/SANDUSDT/SANDUSDT-aggTrades-2024-09-16.zip
2024-09-17,daily,aggTrades,data/spot/daily/aggTrades/SANDUSDT/SANDUSDT-aggTrades-2024-09-17.zip
2024-09-18,daily,aggTrades,data/spot/daily/aggTrades/SANDUSDT/SANDUSDT-aggTrades-2024-09-18.zip
2024-09-19,daily,aggTrades,data/spot/daily/aggTrades/SANDUSDT/SANDUSDT-aggTrades-2024-09-19.zip
2024-09-20,daily,aggTrades,data/spot/daily/aggTrades/SANDUSDT/SANDUSDT-aggTrades-2024-09-20.zip
2024-09-21,daily,aggTrades,data/spot/daily/aggTrades/SANDUSDT/SANDUSDT-aggTrades-2024-09-21.zip
2024-09-22,daily,aggTrades,data/spot/daily/aggTrades/SANDUSDT/SANDUSDT-aggTrades-2024-09-22.zip
2024-09-23,daily,aggTrades,data/spot/daily/aggTrades/SANDUSDT/SANDUSDT-aggTrades-2024-09-23.zip
2024-09-24,daily,aggTrades,data/spot/daily/aggTrades/SANDUSDT/SANDUSDT-aggTrades-2024-09-24.zip
2024-09-25,daily,aggTrades,data/spot/daily/aggTrades/SANDUSDT/SANDUSDT-aggTrades-2024-09-25.zip
2024-09-26,daily,aggTrades,data/spot/daily/aggTrades/SANDUSDT/SANDUSDT-aggTrades-2024-09-26.zip
2024-09-27,daily,aggTrades,data/spot/daily/aggTrades/SANDUSDT/SANDUSDT-aggTrades-2024-09-27.zip
2024-09-28,daily,aggTrades,data/spot/daily/aggTrades/SANDUSDT/SANDUSDT-aggTrades-2024-09-28.zip
2024-09-29,daily,aggTrades,data/spot/daily/aggTrades/SANDUSDT/SANDUSDT-aggTrades-2024-09-29.zip
2024-09-30,daily,aggTrades,data/spot/daily/aggTrades/SANDUSDT/SANDUSDT-aggTrades-2024-09-30.zip
2024-10-01,daily,aggTrades,data/spot/daily/aggTrades/SANDUSDT/SANDUSDT-aggTrades-2024-10-01.zip
2024-10-01,monthly,aggTrades,data/spot/monthly/aggTrades/SANDUSDT/SANDUSDT-aggTrades-2024-10.zip
2024-10-01,monthly,trades,data/spot/monthly/trades/SANDUSDT/SANDUSDT-trades-2024-10.zip
2024-10-02,daily,aggTrades,data/spot/daily/aggTrades/SANDUSDT/SANDUSDT-aggTrades-2024-10-02.zip
2024-10-03,daily,aggTrades,data/spot/daily/aggTrades/SANDUSDT/SANDUSDT-aggTrades-2024-10-03.zip
2024-10-04,daily,aggTrades,data/spot/daily/aggTrades/SANDUSDT/SANDUSDT-aggTrades-2024-10-04.zip
2024-10-05,daily,aggTrades,data/spot/daily/aggTrades/SANDUSDT/SANDUSDT-aggTrades-2024-10-05.zip
2024-10-06,daily,aggTrades,data/spot/daily/aggTrades/SANDUSDT/SANDUSDT-aggTrades-2024-10-06.zip
2024-10-07,daily,aggTrades,data/spot/daily/aggTrades/SANDUSDT/SANDUSDT-aggTrades-2024-10-07.zip
2024-10-08,daily,aggTrades,data/spot/daily/aggTrades/SANDUSDT/SANDUSDT-aggTrades-2024-10-08.zip
2024-10-09,daily,aggTrades,data/spot/daily/aggTrades/SANDUSDT/SANDUSDT-aggTrades-2024-10-09.zip
2024-10-10,daily,aggTrades,data/spot/daily/aggTrades/SANDUSDT/SANDUSDT-aggTrades-2024-10-10.zip
2024-10-11,daily,aggTrades,data/spot/daily/aggTrades/SANDUSDT/SANDUSDT-aggTrades-2024-10-11.zip
2024-10-12,daily,aggTrades,data/spot/daily/aggTrades/SANDUSDT/SANDUSDT-aggTrades-2024-10-12.zip
2024-10-13,daily,aggTrades,data/spot/daily/aggTrades/SANDUSDT/SANDUSDT-aggTrades-2024-10-13.zip
2024-10-14,daily,aggTrades,data/spot/daily/aggTrades/SANDUSDT/SANDUSDT-aggTrades-2024-10-14.zip
2024-10-15,daily,aggTrades,data/spot/daily/aggTrades/SANDUSDT/SANDUSDT-aggTrades-2024-10-15.zip
2024-10-16,daily,aggTrades,data/spot/daily/aggTrades/SANDUSDT/SANDUSDT-aggTrades-2024-10-16.zip
2024-10-17,daily,aggTrades,data/spot/daily/aggTrades/SANDUSDT/SANDUSDT-aggTrades-2024-10-17.zip
2024-10-18,daily,aggTrades,data/spot/daily/aggTrades/SANDUSDT/SANDUSDT-aggTrades-2024-10-18.zip
2024-10-19,daily,aggTrades,data/spot/daily/aggTrades/SANDUSDT/SANDUSDT-aggTrades-2024-10-19.zip
2024-10-20,daily,aggTrades,data/spot/daily/aggTrades/SANDUSDT/SANDUSDT-aggTrades-2024-10-20.zip
2024-10-21,daily,aggTrades,data/spot/daily/aggTrades/SANDUSDT/SANDUSDT-aggTrades-2024-10-21.zip
2024-10-22,daily,aggTrades,data/spot/daily/aggTrades/SANDUSDT/SANDUSDT-aggTrades-2024-10-22.zip
2024-10-23,daily,aggTrades,data/spot/daily/aggTrades/SANDUSDT/SANDUSDT-aggTrades-2024-10-23.zip
2024-10-24,daily,aggTrades,data/spot/daily/aggTrades/SANDUSDT/SANDUSDT-aggTrades-2024-10-24.zip
2024-10-25,daily,aggTrades,data/spot/daily/aggTrades/SANDUSDT/SANDUSDT-aggTrades-2024-10-25.zip
2024-10-26,daily,aggTrades,data/spot/daily/aggTrades/SANDUSDT/SANDUSDT-aggTrades-2024-10-26.zip
2024-10-27,daily,aggTrades,data/spot/daily/aggTrades/SANDUSDT/SANDUSDT-aggTrades-2024-10-27.zip
2024-10-28,daily,aggTrades,data/spot/daily/aggTrades/SANDUSDT/SANDUSDT-aggTrades-2024-10-28.zip
2024-10-29,daily,aggTrades,data/spot/daily/aggTrades/SANDUSDT/SANDUSDT-aggTrades-2024-10-29.zip
2024-10-30,daily,aggTrades,data/spot/daily/aggTrades/SANDUSDT/SANDUSDT-aggTrades-2024-10-30.zip
2024-10-31,daily,aggTrades,data/spot/daily/aggTrades/SANDUSDT/SANDUSDT-aggTrades-2024-10-31.zip
2024-11-01,daily,aggTrades,data/spot/daily/aggTrades/SANDUSDT/SANDUSDT-aggTrades-2024-11-01.zip
2024-11-01,monthly,aggTrades,data/spot/monthly/aggTrades/SANDUSDT/SANDUSDT-aggTrades-2024-11.zip
2024-11-01,monthly,trades,data/spot/monthly/trades/SANDUSDT/SANDUSDT-trades-2024-11.zip
2024-11-02,daily,aggTrades,data/spot/daily/aggTrades/SANDUSDT/SANDUSDT-aggTrades-2024-11-02.zip
2024-11-03,daily,aggTrades,data/spot/daily/aggTrades/SANDUSDT/SANDUSDT-aggTrades-2024-11-03.zip
2024-11-04,daily,aggTrades,data/spot/daily/aggTrades/SANDUSDT/SANDUSDT-aggTrades-2024-11-04.zip
2024-11-05,daily,aggTrades,data/spot/daily/aggTrades/SANDUSDT/SANDUSDT-aggTrades-2024-11-05.zip
2024-11-06,daily,aggTrades,data/spot/daily/aggTrades/SANDUSDT/SANDUSDT-aggTrades-2024-11-06.zip
2024-11-07,daily,aggTrades,data/spot/daily/aggTrades/SANDUSDT/SANDUSDT-aggTrades-2024-11-07.zip
2024-11-08,daily,aggTrades,data/spot/daily/aggTrades/SANDUSDT/SANDUSDT-aggTrades-2024-11-08.zip
2024-11-09,daily,aggTrades,data/spot/daily/aggTrades/SANDUSDT/SANDUSDT-aggTrades-2024-11-09.zip
2024-11-10,daily,aggTrades,data/spot/daily/aggTrades/SANDUSDT/SANDUSDT-aggTrades-2024-11-10.zip
2024-11-11,daily,aggTrades,data/spot/daily/aggTrades/SANDUSDT/SANDUSDT-aggTrades-2024-11-11.zip
2024-11-12,daily,aggTrades,data/spot/daily/aggTrades/SANDUSDT/SANDUSDT-aggTrades-2024-11-12.zip
2024-11-13,daily,aggTrades,data/spot/daily/aggTrades/SANDUSDT/SANDUSDT-aggTrades-2024-11-13.zip
2024-11-14,daily,aggTrades,data/spot/daily/aggTrades/SANDUSDT/SANDUSDT-aggTrades-2024-11-14.zip
2024-11-15,daily,aggTrades,data/spot/daily/aggTrades/SANDUSDT/SANDUSDT-aggTrades-2024-11-15.zip
2024-11-16,daily,aggTrades,data/spot/daily/aggTrades/SANDUSDT/SANDUSDT-aggTrades-2024-11-16.zip
2024-11-17,daily,aggTrades,data/spot/daily/aggTrades/SANDUSDT/SANDUSDT-aggTrades-2024-11-17.zip
2024-11-18,daily,aggTrades,data/spot/daily/aggTrades/SANDUSDT/SANDUSDT-aggTrades-2024-11-18.zip
2024-11-19,daily,aggTrades,data/spot/daily/aggTrades/SANDUSDT/SANDUSDT-aggTrades-2024-11-19.zip
2024-11-20,daily,aggTrades,data/spot/daily/aggTrades/SANDUSDT/SANDUSDT-aggTrades-2024-11-20.zip
2024-11-21,daily,aggTrades,data/spot/daily/aggTrades/SANDUSDT/SANDUSDT-aggTrades-2024-11-21.zip
2024-11-22,daily,aggTrades,data/spot/daily/aggTrades/SANDUSDT/SANDUSDT-aggTrades-2024-11-22.zip
2024-11-23,daily,aggTrades,data/spot/daily/aggTrades/SANDUSDT/SANDUSDT-aggTrades-2024-11-23.zip
2024-11-24,daily,aggTrades,data/spot/daily/aggTrades/SANDUSDT/SANDUSDT-aggTrades-2024-11-24.zip
2024-11-25,daily,aggTrades,data/spot/daily/aggTrades/SANDUSDT/SANDUSDT-aggTrades-2024-11-25.zip
2024-11-26,daily,aggTrades,data/spot/daily/aggTrades/SANDUSDT/SANDUSDT-aggTrades-2024-11-26.zip
2024-11-27,daily,aggTrades,data/spot/daily/aggTrades/SANDUSDT/SANDUSDT-aggTrades-2024-11-27.zip
2024-11-28,daily,aggTrades,data/spot/daily/aggTrades/SANDUSDT/SANDUSDT-aggTrades-2024-11-28.zip
2024-11-29,daily,aggTrades,data/spot/daily/aggTrades/SANDUSDT/SANDUSDT-aggTrades-2024-11-29.zip
2024-11-30,daily,aggTrades,data/spot/daily/aggTrades/SANDUSDT/SANDUSDT-aggTrades-2024-11-30.zip
2024-12-01,daily,aggTrades,data/spot/daily/aggTrades/SANDUSDT/SANDUSDT-aggTrades-2024-12-01.zip
2024-12-01,monthly,aggTrades,data/spot/monthly/aggTrades/SANDUSDT/SANDUSDT-aggTrades-2024-12.zip
2024-12-01,monthly,trades,data/spot/monthly/trades/SANDUSDT/SANDUSDT-trades-2024-12.zip
2024-12-02,daily,aggTrades,data/spot/daily/aggTrades/SANDUSDT/SANDUSDT-aggTrades-2024-12-02.zip
2024-12-03,daily,aggTrades,data/spot/daily/aggTrades/SANDUSDT/SANDUSDT-aggTrades-2024-12-03.zip
2024-12-04,daily,aggTrades,data/spot/daily/aggTrades/SANDUSDT/SANDUSDT-aggTrades-2024-12-04.zip
2024-12-05,daily,aggTrades,data/spot/daily/aggTrades/SANDUSDT/SANDUSDT-aggTrades-2024-12-05.zip
2024-12-06,daily,aggTrades,data/spot/daily/aggTrades/SANDUSDT/SANDUSDT-aggTrades-2024-12-06.zip
2024-12-07,daily,aggTrades,data/spot/daily/aggTrades/SANDUSDT/SANDUSDT-aggTrades-2024-12-07.zip
2024-12-08,daily,aggTrades,data/spot/daily/aggTrades/SANDUSDT/SANDUSDT-aggTrades-2024-12-08.zip
2024-12-09,daily,aggTrades,data/spot/daily/aggTrades/SANDUSDT/SANDUSDT-aggTrades-2024-12-09.zip
2024-12-10,daily,aggTrades,data/spot/daily/aggTrades/SANDUSDT/SANDUSDT-aggTrades-2024-12-10.zip
2024-12-11,daily,aggTrades,data/spot/daily/aggTrades/SANDUSDT/SANDUSDT-aggTrades-2024-12-11.zip
2024-12-12,daily,aggTrades,data/spot/daily/aggTrades/SANDUSDT/SANDUSDT-aggTrades-2024-12-12.zip
2024-12-13,daily,aggTrades,data/spot/daily/aggTrades/SANDUSDT/SANDUSDT-aggTrades-2024-12-13.zip
2024-12-14,daily,aggTrades,data/spot/daily/aggTrades/SANDUSDT/SANDUSDT-aggTrades-2024-12-14.zip
2024-12-15,daily,aggTrades,data/spot/daily/aggTrades/SANDUSDT/SANDUSDT-aggTrades-2024-12-15.zip
2024-12-16,daily,aggTrades,data/spot/daily/aggTrades/SANDUSDT/SANDUSDT-aggTrades-2024-12-16.zip
2024-12-17,daily,aggTrades,data/spot/daily/aggTrades/SANDUSDT/SANDUSDT-aggTrades-2024-12-17.zip
2024-12-18,daily,aggTrades,data/spot/daily/aggTrades/SANDUSDT/SANDUSDT-aggTrades-2024-12-18.zip
2024-12-19,daily,aggTrades,data/spot/daily/aggTrades/SANDUSDT/SANDUSDT-aggTrades-2024-12-19.zip
2024-12-20,daily,aggTrades,data/spot/daily/aggTrades/SANDUSDT/SANDUSDT-aggTrades-2024-12-20.zip
2024-12-21,daily,aggTrades,data/spot/daily/aggTrades/SANDUSDT/SANDUSDT-aggTrades-2024-12-21.zip
2024-12-22,daily,aggTrades,data/spot/daily/aggTrades/SANDUSDT/SANDUSDT-aggTrades-2024-12-22.zip
2024-12-23,daily,aggTrades,data/spot/daily/aggTrades/SANDUSDT/SANDUSDT-aggTrades-2024-12-23.zip
2024-12-24,daily,aggTrades,data/spot/daily/aggTrades/SANDUSDT/SANDUSDT-aggTrades-2024-12-24.zip
2024-12-25,daily,aggTrades,data/spot/daily/aggTrades/SANDUSDT/SANDUSDT-aggTrades-2024-12-25.zip
2024-12-26,daily,aggTrades,data/spot/daily/aggTrades/SANDUSDT/SANDUSDT-aggTrades-2024-12-26.zip
2024-12-27,daily,aggTrades,data/spot/daily/aggTrades/SANDUSDT/SANDUSDT-aggTrades-2024-12-27.zip
2024-12-28,daily,aggTrades,data/spot/daily/aggTrades/SANDUSDT/SANDUSDT-aggTrades-2024-12-28.zip
2024-12-29,daily,aggTrades,data/spot/daily/aggTrades/SANDUSDT/SANDUSDT-aggTrades-2024-12-29.zip
2024-12-30,daily,aggTrades,data/spot/daily/aggTrades/SANDUSDT/SANDUSDT-aggTrades-2024-12-30.zip
2024-12-31,daily,aggTrades,data/spot/daily/aggTrades/SANDUSDT/SANDUSDT-aggTrades-2024-12-31.zip
2025-01-01,daily,aggTrades,data/spot/daily/aggTrades/SANDUSDT/SANDUSDT-aggTrades-2025-01-01.zip
2025-01-01,monthly,aggTrades,data/spot/monthly/aggTrades/SANDUSDT/SANDUSDT-aggTrades-2025-01.zip
2025-01-01,monthly,trades,data/spot/monthly/trades/SANDUSDT/SANDUSDT-trades-2025-01.zip
2025-01-02,daily,aggTrades,data/spot/daily/aggTrades/SANDUSDT/SANDUSDT-aggTrades-2025-01-02.zip
2025-01-03,daily,aggTrades,data/spot/daily/aggTrades/SANDUSDT/SANDUSDT-aggTrades-2025-01-03.zip
2025-01-04,daily,aggTrades,data/spot/daily/aggTrades/SANDUSDT/SANDUSDT-aggTrades-2025-01-04.zip
2025-01-05,daily,aggTrades,data/spot/daily/aggTrades/SANDUSDT/SANDUSDT-aggTrades-2025-01-05.zip
2025-01-06,daily,aggTrades,data/spot/daily/aggTrades/SANDUSDT/SANDUSDT-aggTrades-2025-01-06.zip
2025-01-07,daily,aggTrades,data/spot/daily/aggTrades/SANDUSDT/SANDUSDT-aggTrades-2025-01-07.zip
2025-01-08,daily,aggTrades,data/spot/daily/aggTrades/SANDUSDT/SANDUSDT-aggTrades-2025-01-08.zip
2025-01-09,daily,aggTrades,data/spot/daily/aggTrades/SANDUSDT/SANDUSDT-aggTrades-2025-01-09.zip
2025-01-10,daily,aggTrades,data/spot/daily/aggTrades/SANDUSDT/SANDUSDT-aggTrades-2025-01-10.zip
2025-01-11,daily,aggTrades,data/spot/daily/aggTrades/SANDUSDT/SANDUSDT-aggTrades-2025-01-11.zip
2025-01-12,daily,aggTrades,data/spot/daily/aggTrades/SANDUSDT/SANDUSDT-aggTrades-2025-01-12.zip
2025-01-13,daily,aggTrades,data/spot/daily/aggTrades/SANDUSDT/SANDUSDT-aggTrades-2025-01-13.zip
2025-01-14,daily,aggTrades,data/spot/daily/aggTrades/SANDUSDT/SANDUSDT-aggTrades-2025-01-14.zip
2025-01-15,daily,aggTrades,data/spot/daily/aggTrades/SANDUSDT/SANDUSDT-aggTrades-2025-01-15.zip
2025-01-16,daily,aggTrades,data/spot/daily/aggTrades/SANDUSDT/SANDUSDT-aggTrades-2025-01-16.zip
2025-01-17,daily,aggTrades,data/spot/daily/aggTrades/SANDUSDT/SANDUSDT-aggTrades-2025-01-17.zip
2025-01-18,daily,aggTrades,data/spot/daily/aggTrades/SANDUSDT/SANDUSDT-aggTrades-2025-01-18.zip
2025-01-19,daily,aggTrades,data/spot/daily/aggTrades/SANDUSDT/SANDUSDT-aggTrades-2025-01-19.zip
2025-01-20,daily,aggTrades,data/spot/daily/aggTrades/SANDUSDT/SANDUSDT-aggTrades-2025-01-20.zip
2025-01-21,daily,aggTrades,data/spot/daily/aggTrades/SANDUSDT/SANDUSDT-aggTrades-2025-01-21.zip
2025-01-22,daily,aggTrades,data/spot/daily/aggTrades/SANDUSDT/SANDUSDT-aggTrades-2025-01-22.zip
2025-01-23,daily,aggTrades,data/spot/daily/aggTrades/SANDUSDT/SANDUSDT-aggTrades-2025-01-23.zip
2025-01-24,daily,aggTrades,data/spot/daily/aggTrades/SANDUSDT/SANDUSDT-aggTrades-2025-01-24.zip
2025-01-25,daily,aggTrades,data/spot/daily/aggTrades/SANDUSDT/SANDUSDT-aggTrades-2025-01-25.zip
2025-01-26,daily,aggTrades,data/spot/daily/aggTrades/SANDUSDT/SANDUSDT-aggTrades-2025-01-26.zip
2025-01-27,daily,aggTrades,data/spot/daily/aggTrades/SANDUSDT/SANDUSDT-aggTrades-2025-01-27.zip
2025-01-28,daily,aggTrades,data/spot/daily/aggTrades/SANDUSDT/SANDUSDT-aggTrades-2025-01-28.zip
2025-01-29,daily,aggTrades,data/spot/daily/aggTrades/SANDUSDT/SANDUSDT-aggTrades-2025-01-29.zip
2025-01-30,daily,aggTrades,data/spot/daily/aggTrades/SANDUSDT/SANDUSDT-aggTrades-2025-01-30.zip
2025-01-31,daily,aggTrades,data/spot/daily/aggTrades/SANDUSDT/SANDUSDT-aggTrades-2025-01-31.zip
2025-02-01,daily,aggTrades,data/spot/daily/aggTrades/SANDUSDT/SANDUSDT-aggTrades-2025-02-01.zip
2025-02-01,monthly,aggTrades,data/spot/monthly/aggTrades/SANDUSDT/SANDUSDT-aggTrades-2025-02.zip
2025-02-01,monthly,trades,data/spot/monthly/trades/SANDUSDT/SANDUSDT-trades-2025-02.zip
2025-02-02,daily,aggTrades,data/spot/daily/aggTrades/SANDUSDT/SANDUSDT-aggTrades-2025-02-02.zip
2025-02-03,daily,aggTrades,data/spot/daily/aggTrades/SANDUSDT/SANDUSDT-aggTrades-2025-02-03.zip
2025-02-04,daily,aggTrades,data/spot/daily/aggTrades/SANDUSDT/SANDUSDT-aggTrades-2025-02-04.zip
2025-02-05,daily,aggTrades,data/spot/daily/aggTrades/SANDUSDT/SANDUSDT-aggTrades-2025-02-05.zip
2025-02-06,daily,aggTrades,data/spot/daily/aggTrades/SANDUSDT/SANDUSDT-aggTrades-2025-02-06.zip
2025-02-07,daily,aggTrades,data/spot/daily/aggTrades/SANDUSDT/SANDUSDT-aggTrades-2025-02-07.zip
2025-02-08,daily,aggTrades,data/spot/daily/aggTrades/SANDUSDT/SANDUSDT-aggTrades-2025-02-08.zip
2025-02-09,daily,aggTrades,data/spot/daily/aggTrades/SANDUSDT/SANDUSDT-aggTrades-2025-02-09.zip
2025-02-10,daily,aggTrades,data/spot/daily/aggTrades/SANDUSDT/SANDUSDT-aggTrades-2025-02-10.zip
2025-02-11,daily,aggTrades,data/spot/daily/aggTrades/SANDUSDT/SANDUSDT-aggTrades-2025-02-11.zip
2025-02-12,daily,aggTrades,data/spot/daily/aggTrades/SANDUSDT/SANDUSDT-aggTrades-2025-02-12.zip
2025-02-13,daily,aggTrades,data/spot/daily/aggTrades/SANDUSDT/SANDUSDT-aggTrades-2025-02-13.zip
2025-02-14,daily,aggTrades,data/spot/daily/aggTrades/SANDUSDT/SANDUSDT-aggTrades-2025-02-14.zip
2025-02-15,daily,aggTrades,data/spot/daily/aggTrades/SANDUSDT/SANDUSDT-aggTrades-2025-02-15.zip
2025-02-16,daily,aggTrades,data/spot/daily/aggTrades/SANDUSDT/SANDUSDT-aggTrades-2025-02-16.zip
2025-02-17,daily,aggTrades,data/spot/daily/aggTrades/SANDUSDT/SANDUSDT-aggTrades-2025-02-17.zip
2025-02-18,daily,aggTrades,data/spot/daily/aggTrades/SANDUSDT/SANDUSDT-aggTrades-2025-02-18.zip
2025-02-19,daily,aggTrades,data/spot/daily/aggTrades/SANDUSDT/SANDUSDT-aggTrades-2025-02-19.zip
2025-02-20,daily,aggTrades,data/spot/daily/aggTrades/SANDUSDT/SANDUSDT-aggTrades-2025-02-20.zip
2025-02-21,daily,aggTrades,data/spot/daily/aggTrades/SANDUSDT/SANDUSDT-aggTrades-2025-02-21.zip
2025-02-22,daily,aggTrades,data/spot/daily/aggTrades/SANDUSDT/SANDUSDT-aggTrades-2025-02-22.zip
2025-02-23,daily,aggTrades,data/spot/daily/aggTrades/SANDUSDT/SANDUSDT-aggTrades-2025-02-23.zip
2025-02-24,daily,aggTrades,data/spot/daily/aggTrades/SANDUSDT/SANDUSDT-aggTrades-2025-02-24.zip
2025-02-25,daily,aggTrades,data/spot/daily/aggTrades/SANDUSDT/SANDUSDT-aggTrades-2025-02-25.zip
2025-02-26,daily,aggTrades,data/spot/daily/aggTrades/SANDUSDT/SANDUSDT-aggTrades-2025-02-26.zip
2025-02-27,daily,aggTrades,data/spot/daily/aggTrades/SANDUSDT/SANDUSDT-aggTrades-2025-02-27.zip
2025-02-28,daily,aggTrades,data/spot/daily/aggTrades/SANDUSDT/SANDUSDT-aggTrades-2025-02-28.zip
2025-03-01,daily,aggTrades,data/spot/daily/aggTrades/SANDUSDT/SANDUSDT-aggTrades-2025-03-01.zip
2025-03-01,monthly,aggTrades,data/spot/monthly/aggTrades/SANDUSDT/SANDUSDT-aggTrades-2025-03.zip
2025-03-01,monthly,trades,data/spot/monthly/trades/SANDUSDT/SANDUSDT-trades-2025-03.zip
2025-03-02,daily,aggTrades,data/spot/daily/aggTrades/SANDUSDT/SANDUSDT-aggTrades-2025-03-02.zip
2025-03-03,daily,aggTrades,data/spot/daily/aggTrades/SANDUSDT/SANDUSDT-aggTrades-2025-03-03.zip
2025-03-04,daily,aggTrades,data/spot/daily/aggTrades/SANDUSDT/SANDUSDT-aggTrades-2025-03-04.zip
2025-03-05,daily,aggTrades,data/spot/daily/aggTrades/SANDUSDT/SANDUSDT-aggTrades-2025-03-05.zip
2025-03-06,daily,aggTrades,data/spot/daily/aggTrades/SANDUSDT/SANDUSDT-aggTrades-2025-03-06.zip
2025-03-07,daily,aggTrades,data/spot/daily/aggTrades/SANDUSDT/SANDUSDT-aggTrades-2025-03-07.zip
2025-03-08,daily,aggTrades,data/spot/daily/aggTrades/SANDUSDT/SANDUSDT-aggTrades-2025-03-08.zip
2025-03-09,daily,aggTrades,data/spot/daily/aggTrades/SANDUSDT/SANDUSDT-aggTrades-2025-03-09.zip
2025-03-10,daily,aggTrades,data/spot/daily/aggTrades/SANDUSDT/SANDUSDT-aggTrades-2025-03-10.zip
2025-03-11,daily,aggTrades,data/spot/daily/aggTrades/SANDUSDT/SANDUSDT-aggTrades-2025-03-11.zip
2025-03-12,daily,aggTrades,data/spot/daily/aggTrades/SANDUSDT/SANDUSDT-aggTrades-2025-03-12.zip
2025-03-13,daily,aggTrades,data/spot/daily/aggTrades/SANDUSDT/SANDUSDT-aggTrades-2025-03-13.zip
2025-03-14,daily,aggTrades,data/spot/daily/aggTrades/SANDUSDT/SANDUSDT-aggTrades-2025-03-14.zip
2025-03-15,daily,aggTrades,data/spot/daily/aggTrades/SANDUSDT/SANDUSDT-aggTrades-2025-03-15.zip
2025-03-16,daily,aggTrades,data/spot/daily/aggTrades/SANDUSDT/SANDUSDT-aggTrades-2025-03-16.zip
2025-03-17,daily,aggTrades,data/spot/daily/aggTrades/SANDUSDT/SANDUSDT-aggTrades-2025-03-17.zip
2025-03-18,daily,aggTrades,data/spot/daily/aggTrades/SANDUSDT/SANDUSDT-aggTrades-2025-03-18.zip
2025-03-19,daily,aggTrades,data/spot/daily/aggTrades/SANDUSDT/SANDUSDT-aggTrades-2025-03-19.zip
2025-03-20,daily,aggTrades,data/spot/daily/aggTrades/SANDUSDT/SANDUSDT-aggTrades-2025-03-20.zip
2025-03-21,daily,aggTrades,data/spot/daily/aggTrades/SANDUSDT/SANDUSDT-aggTrades-2025-03-21.zip
2025-03-22,daily,aggTrades,data/spot/daily/aggTrades/SANDUSDT/SANDUSDT-aggTrades-2025-03-22.zip
2025-03-23,daily,aggTrades,data/spot/daily/aggTrades/SANDUSDT/SANDUSDT-aggTrades-2025-03-23.zip
2025-03-24,daily,aggTrades,data/spot/daily/aggTrades/SANDUSDT/SANDUSDT-aggTrades-2025-03-24.zip
2025-03-25,daily,aggTrades,data/spot/daily/aggTrades/SANDUSDT/SANDUSDT-aggTrades-2025-03-25.zip
2025-03-26,daily,aggTrades,data/spot/daily/aggTrades/SANDUSDT/SANDUSDT-aggTrades-2025-03-26.zip
2025-03-27,daily,aggTrades,data/spot/daily/aggTrades/SANDUSDT/SANDUSDT-aggTrades-2025-03-27.zip
2025-03-28,daily,aggTrades,data/spot/daily/aggTrades/SANDUSDT/SANDUSDT-aggTrades-2025-03-28.zip
2025-03-29,daily,aggTrades,data/spot/daily/aggTrades/SANDUSDT/SANDUSDT-aggTrades-2025-03-29.zip
2025-03-30,daily,aggTrades,data/spot/daily/aggTrades/SANDUSDT/SANDUSDT-aggTrades-2025-03-30.zip
2025-03-31,daily,aggTrades,data/spot/daily/aggTrades/SANDUSDT/SANDUSDT-aggTrades-2025-03-31.zip
2025-04-01,daily,aggTrades,data/spot/daily/aggTrades/SANDUSDT/SANDUSDT-aggTrades-2025-04-01.zip
2025-04-01,monthly,aggTrades,data/spot/monthly/aggTrades/SANDUSDT/SANDUSDT-aggTrades-2025-04.zip
2025-04-01,monthly,trades,data/spot/monthly/trades/SANDUSDT/SANDUSDT-trades-2025-04.zip
2025-04-02,daily,aggTrades,data/spot/daily/aggTrades/SANDUSDT/SANDUSDT-aggTrades-2025-04-02.zip
2025-04-03,daily,aggTrades,data/spot/daily/aggTrades/SANDUSDT/SANDUSDT-aggTrades-2025-04-03.zip
2025-04-04,daily,aggTrades,data/spot/daily/aggTrades/SANDUSDT/SANDUSDT-aggTrades-2025-04-04.zip
2025-04-05,daily,aggTrades,data/spot/daily/aggTrades/SANDUSDT/SANDUSDT-aggTrades-2025-04-05.zip
2025-04-06,daily,aggTrades,data/spot/daily/aggTrades/SANDUSDT/SANDUSDT-aggTrades-2025-04-06.zip
2025-04-07,daily,aggTrades,data/spot/daily/aggTrades/SANDUSDT/SANDUSDT-aggTrades-2025-04-07.zip
2025-04-08,daily,aggTrades,data/spot/daily/aggTrades/SANDUSDT/SANDUSDT-aggTrades-2025-04-08.zip
2025-04-09,daily,aggTrades,data/spot/daily/aggTrades/SANDUSDT/SANDUSDT-aggTrades-2025-04-09.zip
2025-04-10,daily,aggTrades,data/spot/daily/aggTrades/SANDUSDT/SANDUSDT-aggTrades-2025-04-10.zip
2025-04-11,daily,aggTrades,data/spot/daily/aggTrades/SANDUSDT/SANDUSDT-aggTrades-2025-04-11.zip
2025-04-12,daily,aggTrades,data/spot/daily/aggTrades/SANDUSDT/SANDUSDT-aggTrades-2025-04-12.zip
2025-04-13,daily,aggTrades,data/spot/daily/aggTrades/SANDUSDT/SANDUSDT-aggTrades-2025-04-13.zip
2025-04-14,daily,aggTrades,data/spot/daily/aggTrades/SANDUSDT/SANDUSDT-aggTrades-2025-04-14.zip
2025-04-15,daily,aggTrades,data/spot/daily/aggTrades/SANDUSDT/SANDUSDT-aggTrades-2025-04-15.zip
2025-04-16,daily,aggTrades,data/spot/daily/aggTrades/SANDUSDT/SANDUSDT-aggTrades-2025-04-16.zip
2025-04-17,daily,aggTrades,data/spot/daily/aggTrades/SANDUSDT/SANDUSDT-aggTrades-2025-04-17.zip
2025-04-18,daily,aggTrades,data/spot/daily/aggTrades/SANDUSDT/SANDUSDT-aggTrades-2025-04-18.zip
2025-04-19,daily,aggTrades,data/spot/daily/aggTrades/SANDUSDT/SANDUSDT-aggTrades-2025-04-19.zip
2025-04-20,daily,aggTrades,data/spot/daily/aggTrades/SANDUSDT/SANDUSDT-aggTrades-2025-04-20.zip
2025-04-21,daily,aggTrades,data/spot/daily/aggTrades/SANDUSDT/SANDUSDT-aggTrades-2025-04-21.zip
2025-04-22,daily,aggTrades,data/spot/daily/aggTrades/SANDUSDT/SANDUSDT-aggTrades-2025-04-22.zip
2025-04-23,daily,aggTrades,data/spot/daily/aggTrades/SANDUSDT/SANDUSDT-aggTrades-2025-04-23.zip
2025-04-24,daily,aggTrades,data/spot/daily/aggTrades/SANDUSDT/SANDUSDT-aggTrades-2025-04-24.zip
2025-04-25,daily,aggTrades,data/spot/daily/aggTrades/SANDUSDT/SANDUSDT-aggTrades-2025-04-25.zip
2025-04-26,daily,aggTrades,data/spot/daily/aggTrades/SANDUSDT/SANDUSDT-aggTrades-2025-04-26.zip
2025-04-27,daily,aggTrades,data/spot/daily/aggTrades/SANDUSDT/SANDUSDT-aggTrades-2025-04-27.zip
2025-04-28,daily,aggTrades,data/spot/daily/aggTrades/SANDUSDT/SANDUSDT-aggTrades-2025-04-28.zip
2025-04-29,daily,aggTrades,data/spot/daily/aggTrades/SANDUSDT/SANDUSDT-aggTrades-2025-04-29.zip
2025-04-30,daily,aggTrades,data/spot/daily/aggTrades/SANDUSDT/SANDUSDT-aggTrades-2025-04-30.zip
2025-05-01,daily,aggTrades,data/spot/daily/aggTrades/SANDUSDT/SANDUSDT-aggTrades-2025-05-01.zip
2025-05-01,monthly,aggTrades,data/spot/monthly/aggTrades/SANDUSDT/SANDUSDT-aggTrades-2025-05.zip
2025-05-01,monthly,trades,data/spot/monthly/trades/SANDUSDT/SANDUSDT-trades-2025-05.zip
2025-05-02,daily,aggTrades,data/spot/daily/aggTrades/SANDUSDT/SANDUSDT-aggTrades-2025-05-02.zip
2025-05-03,daily,aggTrades,data/spot/daily/aggTrades/SANDUSDT/SANDUSDT-aggTrades-2025-05-03.zip
2025-05-04,daily,aggTrades,data/spot/daily/aggTrades/SANDUSDT/SANDUSDT-aggTrades-2025-05-04.zip
2025-05-05,daily,aggTrades,data/spot/daily/aggTrades/SANDUSDT/SANDUSDT-aggTrades-2025-05-05.zip
2025-05-06,daily,aggTrades,data/spot/daily/aggTrades/SANDUSDT/SANDUSDT-aggTrades-2025-05-06.zip
2025-05-07,daily,aggTrades,data/spot/daily/aggTrades/SANDUSDT/SANDUSDT-aggTrades-2025-05-07.zip
2025-05-08,daily,aggTrades,data/spot/daily/aggTrades/SANDUSDT/SANDUSDT-aggTrades-2025-05-08.zip
2025-05-09,daily,aggTrades,data/spot/daily/aggTrades/SANDUSDT/SANDUSDT-aggTrades-2025-05-09.zip
2025-05-10,daily,aggTrades,data/spot/daily/aggTrades/SANDUSDT/SANDUSDT-aggTrades-2025-05-10.zip
2025-05-11,daily,aggTrades,data/spot/daily/aggTrades/SANDUSDT/SANDUSDT-aggTrades-2025-05-11.zip
2025-05-12,daily,aggTrades,data/spot/daily/aggTrades/SANDUSDT/SANDUSDT-aggTrades-2025-05-12.zip
2025-05-13,daily,aggTrades,data/spot/daily/aggTrades/SANDUSDT/SANDUSDT-aggTrades-2025-05-13.zip
2025-05-14,daily,aggTrades,data/spot/daily/aggTrades/SANDUSDT/SANDUSDT-aggTrades-2025-05-14.zip
2025-05-15,daily,aggTrades,data/spot/daily/aggTrades/SANDUSDT/SANDUSDT-aggTrades-2025-05-15.zip
2025-05-16,daily,aggTrades,data/spot/daily/aggTrades/SANDUSDT/SANDUSDT-aggTrades-2025-05-16.zip
2025-05-17,daily,aggTrades,data/spot/daily/aggTrades/SANDUSDT/SANDUSDT-aggTrades-2025-05-17.zip
2025-05-18,daily,aggTrades,data/spot/daily/aggTrades/SANDUSDT/SANDUSDT-aggTrades-2025-05-18.zip
2025-05-19,daily,aggTrades,data/spot/daily/aggTrades/SANDUSDT/SANDUSDT-aggTrades-2025-05-19.zip
2025-05-20,daily,aggTrades,data/spot/daily/aggTrades/SANDUSDT/SANDUSDT-aggTrades-2025-05-20.zip
2025-05-21,daily,aggTrades,data/spot/daily/aggTrades/SANDUSDT/SANDUSDT-aggTrades-2025-05-21.zip
2025-05-22,daily,aggTrades,data/spot/daily/aggTrades/SANDUSDT/SANDUSDT-aggTrades-2025-05-22.zip
2025-05-23,daily,aggTrades,data/spot/daily/aggTrades/SANDUSDT/SANDUSDT-aggTrades-2025-05-23.zip
2025-05-24,daily,aggTrades,data/spot/daily/aggTrades/SANDUSDT/SANDUSDT-aggTrades-2025-05-24.zip
2025-05-25,daily,aggTrades,data/spot/daily/aggTrades/SANDUSDT/SANDUSDT-aggTrades-2025-05-25.zip
2025-05-26,daily,aggTrades,data/spot/daily/aggTrades/SANDUSDT/SANDUSDT-aggTrades-2025-05-26.zip
2025-05-27,daily,aggTrades,data/spot/daily/aggTrades/SANDUSDT/SANDUSDT-aggTrades-2025-05-27.zip
2025-05-28,daily,aggTrades,data/spot/daily/aggTrades/SANDUSDT/SANDUSDT-aggTrades-2025-05-28.zip
2025-05-29,daily,aggTrades,data/spot/daily/aggTrades/SANDUSDT/SANDUSDT-aggTrades-2025-05-29.zip
2025-05-30,daily,aggTrades,data/spot/daily/aggTrades/SANDUSDT/SANDUSDT-aggTrades-2025-05-30.zip
2025-05-31,daily,aggTrades,data/spot/daily/aggTrades/SANDUSDT/SANDUSDT-aggTrades-2025-05-31.zip
2025-06-01,daily,aggTrades,data/spot/daily/aggTrades/SANDUSDT/SANDUSDT-aggTrades-2025-06-01.zip
2025-06-01,monthly,aggTrades,data/spot/monthly/aggTrades/SANDUSDT/SANDUSDT-aggTrades-2025-06.zip
2025-06-01,monthly,trades,data/spot/monthly/trades/SANDUSDT/SANDUSDT-trades-2025-06.zip
2025-06-02,daily,aggTrades,data/spot/daily/aggTrades/SANDUSDT/SANDUSDT-aggTrades-2025-06-02.zip
2025-06-03,daily,aggTrades,data/spot/daily/aggTrades/SANDUSDT/SANDUSDT-aggTrades-2025-06-03.zip
2025-06-04,daily,aggTrades,data/spot/daily/aggTrades/SANDUSDT/SANDUSDT-aggTrades-2025-06-04.zip
2025-06-05,daily,aggTrades,data/spot/daily/aggTrades/SANDUSDT/SANDUSDT-aggTrades-2025-06-05.zip
2025-06-06,daily,aggTrades,data/spot/daily/aggTrades/SANDUSDT/SANDUSDT-aggTrades-2025-06-06.zip
2025-06-07,daily,aggTrades,data/spot/daily/aggTrades/SANDUSDT/SANDUSDT-aggTrades-2025-06-07.zip
2025-06-08,daily,aggTrades,data/spot/daily/aggTrades/SANDUSDT/SANDUSDT-aggTrades-2025-06-08.zip
2025-06-09,daily,aggTrades,data/spot/daily/aggTrades/SANDUSDT/SANDUSDT-aggTrades-2025-06-09.zip
2025-06-10,daily,aggTrades,data/spot/daily/aggTrades/SANDUSDT/SANDUSDT-aggTrades-2025-06-10.zip
2025-06-11,daily,aggTrades,data/spot/daily/aggTrades/SANDUSDT/SANDUSDT-aggTrades-2025-06-11.zip
2025-06-12,daily,aggTrades,data/spot/daily/aggTrades/SANDUSDT/SANDUSDT-aggTrades-2025-06-12.zip
2025-06-13,daily,aggTrades,data/spot/daily/aggTrades/SANDUSDT/SANDUSDT-aggTrades-2025-06-13.zip
2025-06-14,daily,aggTrades,data/spot/daily/aggTrades/SANDUSDT/SANDUSDT-aggTrades-2025-06-14.zip
2025-06-15,daily,aggTrades,data/spot/daily/aggTrades/SANDUSDT/SANDUSDT-aggTrades-2025-06-15.zip
2025-06-16,daily,aggTrades,data/spot/daily/aggTrades/SANDUSDT/SANDUSDT-aggTrades-2025-06-16.zip
2025-06-17,daily,aggTrades,data/spot/daily/aggTrades/SANDUSDT/SANDUSDT-aggTrades-2025-06-17.zip
2025-06-18,daily,aggTrades,data/spot/daily/aggTrades/SANDUSDT/SANDUSDT-aggTrades-2025-06-18.zip
2025-06-19,daily,aggTrades,data/spot/daily/aggTrades/SANDUSDT/SANDUSDT-aggTrades-2025-06-19.zip
2025-06-20,daily,aggTrades,data/spot/daily/aggTrades/SANDUSDT/SANDUSDT-aggTrades-2025-06-20.zip
2025-06-21,daily,aggTrades,data/spot/daily/aggTrades/SANDUSDT/SANDUSDT-aggTrades-2025-06-21.zip
2025-06-22,daily,aggTrades,data/spot/daily/aggTrades/SANDUSDT/SANDUSDT-aggTrades-2025-06-22.zip
2025-06-23,daily,aggTrades,data/spot/daily/aggTrades/SANDUSDT/SANDUSDT-aggTrades-2025-06-23.zip
2025-06-24,daily,aggTrades,data/spot/daily/aggTrades/SANDUSDT/SANDUSDT-aggTrades-2025-06-24.zip
2025-06-25,daily,aggTrades,data/spot/daily/aggTrades/SANDUSDT/SANDUSDT-aggTrades-2025-06-25.zip
2025-06-26,daily,aggTrades,data/spot/daily/aggTrades/SANDUSDT/SANDUSDT-aggTrades-2025-06-26.zip
2025-06-27,daily,aggTrades,data/spot/daily/aggTrades/SANDUSDT/SANDUSDT-aggTrades-2025-06-27.zip
2025-06-28,daily,aggTrades,data/spot/daily/aggTrades/SANDUSDT/SANDUSDT-aggTrades-2025-06-28.zip
2025-06-29,daily,aggTrades,data/spot/daily/aggTrades/SANDUSDT/SANDUSDT-aggTrades-2025-06-29.zip
2025-06-30,daily,aggTrades,data/spot/daily/aggTrades/SANDUSDT/SANDUSDT-aggTrades-2025-06-30.zip
2025-07-01,daily,aggTrades,data/spot/daily/aggTrades/SANDUSDT/SANDUSDT-aggTrades-2025-07-01.zip
2025-07-01,monthly,aggTrades,data/spot/monthly/aggTrades/SANDUSDT/SANDUSDT-aggTrades-2025-07.zip
2025-07-01,monthly,trades,data/spot/monthly/trades/SANDUSDT/SANDUSDT-trades-2025-07.zip
2025-07-02,daily,aggTrades,data/spot/daily/aggTrades/SANDUSDT/SANDUSDT-aggTrades-2025-07-02.zip
2025-07-03,daily,aggTrades,data/spot/daily/aggTrades/SANDUSDT/SANDUSDT-aggTrades-2025-07-03.zip
2025-07-04,daily,aggTrades,data/spot/daily/aggTrades/SANDUSDT/SANDUSDT-aggTrades-2025-07-04.zip
2025-07-05,daily,aggTrades,data/spot/daily/aggTrades/SANDUSDT/SANDUSDT-aggTrades-2025-07-05.zip
2025-07-06,daily,aggTrades,data/spot/daily/aggTrades/SANDUSDT/SANDUSDT-aggTrades-2025-07-06.zip
2025-07-07,daily,aggTrades,data/spot/daily/aggTrades/SANDUSDT/SANDUSDT-aggTrades-2025-07-07.zip
2025-07-08,daily,aggTrades,data/spot/daily/aggTrades/SANDUSDT/SANDUSDT-aggTrades-2025-07-08.zip
2025-07-09,daily,aggTrades,data/spot/daily/aggTrades/SANDUSDT/SANDUSDT-aggTrades-2025-07-09.zip
2025-07-10,daily,aggTrades,data/spot/daily/aggTrades/SANDUSDT/SANDUSDT-aggTrades-2025-07-10.zip
2025-07-11,daily,aggTrades,data/spot/daily/aggTrades/SANDUSDT/SANDUSDT-aggTrades-2025-07-11.zip
2025-07-12,daily,aggTrades,data/spot/daily/aggTrades/SANDUSDT/SANDUSDT-aggTrades-2025-07-12.zip
2025-07-13,daily,aggTrades,data/spot/daily/aggTrades/SANDUSDT/SANDUSDT-aggTrades-2025-07-13.zip
2025-07-14,daily,aggTrades,data/spot/daily/aggTrades/SANDUSDT/SANDUSDT-aggTrades-2025-07-14.zip
2025-07-15,daily,aggTrades,data/spot/daily/aggTrades/SANDUSDT/SANDUSDT-aggTrades-2025-07-15.zip
2025-07-16,daily,aggTrades,data/spot/daily/aggTrades/SANDUSDT/SANDUSDT-aggTrades-2025-07-16.zip
2025-07-17,daily,aggTrades,data/spot/daily/aggTrades/SANDUSDT/SANDUSDT-aggTrades-2025-07-17.zip
2025-07-18,daily,aggTrades,data/spot/daily/aggTrades/SANDUSDT/SANDUSDT-aggTrades-2025-07-18.zip
2025-07-19,daily,aggTrades,data/spot/daily/aggTrades/SANDUSDT/SANDUSDT-aggTrades-2025-07-19.zip
2025-07-20,daily,aggTrades,data/spot/daily/aggTrades/SANDUSDT/SANDUSDT-aggTrades-2025-07-20.zip
2025-07-21,daily,aggTrades,data/spot/daily/aggTrades/SANDUSDT/SANDUSDT-aggTrades-2025-07-21.zip
2025-07-22,daily,aggTrades,data/spot/daily/aggTrades/SANDUSDT/SANDUSDT-aggTrades-2025-07-22.zip
2025-07-23,daily,aggTrades,data/spot/daily/aggTrades/SANDUSDT/SANDUSDT-aggTrades-2025-07-23.zip
2025-07-24,daily,aggTrades,data/spot/daily/aggTrades/SANDUSDT/SANDUSDT-aggTrades-2025-07-24.zip
2025-07-25,daily,aggTrades,data/spot/daily/aggTrades/SANDUSDT/SANDUSDT-aggTrades-2025-07-25.zip
2025-07-26,daily,aggTrades,data/spot/daily/aggTrades/SANDUSDT/SANDUSDT-aggTrades-2025-07-26.zip
2025-07-27,daily,aggTrades,data/spot/daily/aggTrades/SANDUSDT/SANDUSDT-aggTrades-2025-07-27.zip
2025-07-28,daily,aggTrades,data/spot/daily/aggTrades/SANDUSDT/SANDUSDT-aggTrades-2025-07-28.zip
2025-07-29,daily,aggTrades,data/spot/daily/aggTrades/SANDUSDT/SANDUSDT-aggTrades-2025-07-29.zip
2025-07-30,daily,aggTrades,data/spot/daily/aggTrades/SANDUSDT/SANDUSDT-aggTrades-2025-07-30.zip
2025-07-31,daily,aggTrades,data/spot/daily/aggTrades/SANDUSDT/SANDUSDT-aggTrades-2025-07-31.zip
2025-08-01,daily,aggTrades,data/spot/daily/aggTrades/SANDUSDT/SANDUSDT-aggTrades-2025-08-01.zip
2025-08-01,monthly,aggTrades,data/spot/monthly/aggTrades/SANDUSDT/SANDUSDT-aggTrades-2025-08.zip
2025-08-01,monthly,trades,data/spot/monthly/trades/SANDUSDT/SANDUSDT-trades-2025-08.zip
2025-08-02,daily,aggTrades,data/spot/daily/aggTrades/SANDUSDT/SANDUSDT-aggTrades-2025-08-02.zip
2025-08-03,daily,aggTrades,data/spot/daily/aggTrades/SANDUSDT/SANDUSDT-aggTrades-2025-08-03.zip
2025-08-04,daily,aggTrades,data/spot/daily/aggTrades/SANDUSDT/SANDUSDT-aggTrades-2025-08-04.zip
2025-08-05,daily,aggTrades,data/spot/daily/aggTrades/SANDUSDT/SANDUSDT-aggTrades-2025-08-05.zip
2025-08-06,daily,aggTrades,data/spot/daily/aggTrades/SANDUSDT/SANDUSDT-aggTrades-2025-08-06.zip
2025-08-07,daily,aggTrades,data/spot/daily/aggTrades/SANDUSDT/SANDUSDT-aggTrades-2025-08-07.zip
2025-08-08,daily,aggTrades,data/spot/daily/aggTrades/SANDUSDT/SANDUSDT-aggTrades-2025-08-08.zip
2025-08-09,daily,aggTrades,data/spot/daily/aggTrades/SANDUSDT/SANDUSDT-aggTrades-2025-08-09.zip
2025-08-10,daily,aggTrades,data/spot/daily/aggTrades/SANDUSDT/SANDUSDT-aggTrades-2025-08-10.zip
2025-08-11,daily,aggTrades,data/spot/daily/aggTrades/SANDUSDT/SANDUSDT-aggTrades-2025-08-11.zip
2025-08-12,daily,aggTrades,data/spot/daily/aggTrades/SANDUSDT/SANDUSDT-aggTrades-2025-08-12.zip
2025-08-13,daily,aggTrades,data/spot/daily/aggTrades/SANDUSDT/SANDUSDT-aggTrades-2025-08-13.zip
2025-08-14,daily,aggTrades,data/spot/daily/aggTrades/SANDUSDT/SANDUSDT-aggTrades-2025-08-14.zip
2025-08-15,daily,aggTrades,data/spot/daily/aggTrades/SANDUSDT/SANDUSDT-aggTrades-2025-08-15.zip
2025-08-16,daily,aggTrades,data/spot/daily/aggTrades/SANDUSDT/SANDUSDT-aggTrades-2025-08-16.zip
2025-08-17,daily,aggTrades,data/spot/daily/aggTrades/SANDUSDT/SANDUSDT-aggTrades-2025-08-17.zip
2025-08-18,daily,aggTrades,data/spot/daily/aggTrades/SANDUSDT/SANDUSDT-aggTrades-2025-08-18.zip
2025-08-19,daily,aggTrades,data/spot/daily/aggTrades/SANDUSDT/SANDUSDT-aggTrades-2025-08-19.zip
2025-08-20,daily,aggTrades,data/spot/daily/aggTrades/SANDUSDT/SANDUSDT-aggTrades-2025-08-20.zip
2025-08-21,daily,aggTrades,data/spot/daily/aggTrades/SANDUSDT/SANDUSDT-aggTrades-2025-08-21.zip
2025-08-22,daily,aggTrades,data/spot/daily/aggTrades/SANDUSDT/SANDUSDT-aggTrades-2025-08-22.zip
2025-08-23,daily,aggTrades,data/spot/daily/aggTrades/SANDUSDT/SANDUSDT-aggTrades-2025-08-23.zip
2025-08-24,daily,aggTrades,data/spot/daily/aggTrades/SANDUSDT/SANDUSDT-aggTrades-2025-08-24.zip
2025-08-25,daily,aggTrades,data/spot/daily/aggTrades/SANDUSDT/SANDUSDT-aggTrades-2025-08-25.zip
2025-08-26,daily,aggTrades,data/spot/daily/aggTrades/SANDUSDT/SANDUSDT-aggTrades-2025-08-26.zip
2025-08-27,daily,aggTrades,data/spot/daily/aggTrades/SANDUSDT/SANDUSDT-aggTrades-2025-08-27.zip
2025-08-28,daily,aggTrades,data/spot/daily/aggTrades/SANDUSDT/SANDUSDT-aggTrades-2025-08-28.zip
2025-08-29,daily,aggTrades,data/spot/daily/aggTrades/SANDUSDT/SANDUSDT-aggTrades-2025-08-29.zip
2025-08-30,daily,aggTrades,data/spot/daily/aggTrades/SANDUSDT/SANDUSDT-aggTrades-2025-08-30.zip
2025-08-31,daily,aggTrades,data/spot/daily/aggTrades/SANDUSDT/SANDUSDT-aggTrades-2025-08-31.zip
2025-09-01,daily,aggTrades,data/spot/daily/aggTrades/SANDUSDT/SANDUSDT-aggTrades-2025-09-01.zip
2025-09-01,monthly,aggTrades,data/spot/monthly/aggTrades/SANDUSDT/SANDUSDT-aggTrades-2025-09.zip
2025-09-01,monthly,trades,data/spot/monthly/trades/SANDUSDT/SANDUSDT-trades-2025-09.zip
2025-09-02,daily,aggTrades,data/spot/daily/aggTrades/SANDUSDT/SANDUSDT-aggTrades-2025-09-02.zip
2025-09-03,daily,aggTrades,data/spot/daily/aggTrades/SANDUSDT/SANDUSDT-aggTrades-2025-09-03.zip
2025-09-04,daily,aggTrades,data/spot/daily/aggTrades/SANDUSDT/SANDUSDT-aggTrades-2025-09-04.zip
2025-09-05,daily,aggTrades,data/spot/daily/aggTrades/SANDUSDT/SANDUSDT-aggTrades-2025-09-05.zip
2025-09-06,daily,aggTrades,data/spot/daily/aggTrades/SANDUSDT/SANDUSDT-aggTrades-2025-09-06.zip
2025-09-07,daily,aggTrades,data/spot/daily/aggTrades/SANDUSDT/SANDUSDT-aggTrades-2025-09-07.zip
2025-09-08,daily,aggTrades,data/spot/daily/aggTrades/SANDUSDT/SANDUSDT-aggTrades-2025-09-08.zip
2025-09-09,daily,aggTrades,data/spot/daily/aggTrades/SANDUSDT/SANDUSDT-aggTrades-2025-09-09.zip
2025-09-10,daily,aggTrades,data/spot/daily/aggTrades/SANDUSDT/SANDUSDT-aggTrades-2025-09-10.zip
2025-09-11,daily,aggTrades,data/spot/daily/aggTrades/SANDUSDT/SANDUSDT-aggTrades-2025-09-11.zip
2025-09-12,daily,aggTrades,data/spot/daily/aggTrades/SANDUSDT/SANDUSDT-aggTrades-2025-09-12.zip
2025-09-13,daily,aggTrades,data/spot/daily/aggTrades/SANDUSDT/SANDUSDT-aggTrades-2025-09-13.zip
2025-09-14,daily,aggTrades,data/spot/daily/aggTrades/SANDUSDT/SANDUSDT-aggTrades-2025-09-14.zip
2025-09-15,daily,aggTrades,data/spot/daily/aggTrades/SANDUSDT/SANDUSDT-aggTrades-2025-09-15.zip
2025-09-16,daily,aggTrades,data/spot/daily/aggTrades/SANDUSDT/SANDUSDT-aggTrades-2025-09-16.zip
2025-09-17,daily,aggTrades,data/spot/daily/aggTrades/SANDUSDT/SANDUSDT-aggTrades-2025-09-17.zip
2025-09-18,daily,aggTrades,data/spot/daily/aggTrades/SANDUSDT/SANDUSDT-aggTrades-2025-09-18.zip
2025-09-19,daily,aggTrades,data/spot/daily/aggTrades/SANDUSDT/SANDUSDT-aggTrades-2025-09-19.zip
2025-09-20,daily,aggTrades,data/spot/daily/aggTrades/SANDUSDT/SANDUSDT-aggTrades-2025-09-20.zip
2025-09-21,daily,aggTrades,data/spot/daily/aggTrades/SANDUSDT/SANDUSDT-aggTrades-2025-09-21.zip
2025-09-22,daily,aggTrades,data/spot/daily/aggTrades/SANDUSDT/SANDUSDT-aggTrades-2025-09-22.zip
2025-09-23,daily,aggTrades,data/spot/daily/aggTrades/SANDUSDT/SANDUSDT-aggTrades-2025-09-23.zip
2025-09-24,daily,aggTrades,data/spot/daily/aggTrades/SANDUSDT/SANDUSDT-aggTrades-2025-09-24.zip
2025-09-25,daily,aggTrades,data/spot/daily/aggTrades/SANDUSDT/SANDUSDT-aggTrades-2025-09-25.zip
2025-09-26,daily,aggTrades,data/spot/daily/aggTrades/SANDUSDT/SANDUSDT-aggTrades-2025-09-26.zip
2025-09-27,daily,aggTrades,data/spot/daily/aggTrades/SANDUSDT/SANDUSDT-aggTrades-2025-09-27.zip
2025-09-28,daily,aggTrades,data/spot/daily/aggTrades/SANDUSDT/SANDUSDT-aggTrades-2025-09-28.zip
2025-09-29,daily,aggTrades,data/spot/daily/aggTrades/SANDUSDT/SANDUSDT-aggTrades-2025-09-29.zip
2025-09-30,daily,aggTrades,data/spot/daily/aggTrades/SANDUSDT/SANDUSDT-aggTrades-2025-09-30.zip
2025-10-01,daily,aggTrades,data/spot/daily/aggTrades/SANDUSDT/SANDUSDT-aggTrades-2025-10-01.zip
2025-10-01,monthly,aggTrades,data/spot/monthly/aggTrades/SANDUSDT/SANDUSDT-aggTrades-2025-10.zip
2025-10-01,monthly,trades,data/spot/monthly/trades/SANDUSDT/SANDUSDT-trades-2025-10.zip
2025-10-02,daily,aggTrades,data/spot/daily/aggTrades/SANDUSDT/SANDUSDT-aggTrades-2025-10-02.zip
2025-10-03,daily,aggTrades,data/spot/daily/aggTrades/SANDUSDT/SANDUSDT-aggTrades-2025-10-03.zip
2025-10-04,daily,aggTrades,data/spot/daily/aggTrades/SANDUSDT/SANDUSDT-aggTrades-2025-10-04.zip
2025-10-05,daily,aggTrades,data/spot/daily/aggTrades/SANDUSDT/SANDUSDT-aggTrades-2025-10-05.zip
2025-10-06,daily,aggTrades,data/spot/daily/aggTrades/SANDUSDT/SANDUSDT-aggTrades-2025-10-06.zip
2025-10-07,daily,aggTrades,data/spot/daily/aggTrades/SANDUSDT/SANDUSDT-aggTrades-2025-10-07.zip
2025-10-08,daily,aggTrades,data/spot/daily/aggTrades/SANDUSDT/SANDUSDT-aggTrades-2025-10-08.zip
2025-10-09,daily,aggTrades,data/spot/daily/aggTrades/SANDUSDT/SANDUSDT-aggTrades-2025-10-09.zip
2025-10-10,daily,aggTrades,data/spot/daily/aggTrades/SANDUSDT/SANDUSDT-aggTrades-2025-10-10.zip
2025-10-11,daily,aggTrades,data/spot/daily/aggTrades/SANDUSDT/SANDUSDT-aggTrades-2025-10-11.zip
2025-10-12,daily,aggTrades,data/spot/daily/aggTrades/SANDUSDT/SANDUSDT-aggTrades-2025-10-12.zip
2025-10-13,daily,aggTrades,data/spot/daily/aggTrades/SANDUSDT/SANDUSDT-aggTrades-2025-10-13.zip
2025-10-14,daily,aggTrades,data/spot/daily/aggTrades/SANDUSDT/SANDUSDT-aggTrades-2025-10-14.zip
2025-10-15,daily,aggTrades,data/spot/daily/aggTrades/SANDUSDT/SANDUSDT-aggTrades-2025-10-15.zip
2025-10-16,daily,aggTrades,data/spot/daily/aggTrades/SANDUSDT/SANDUSDT-aggTrades-2025-10-16.zip
2025-10-17,daily,aggTrades,data/spot/daily/aggTrades/SANDUSDT/SANDUSDT-aggTrades-2025-10-17.zip
2025-10-18,daily,aggTrades,data/spot/daily/aggTrades/SANDUSDT/SANDUSDT-aggTrades-2025-10-18.zip
2025-10-19,daily,aggTrades,data/spot/daily/aggTrades/SANDUSDT/SANDUSDT-aggTrades-2025-10-19.zip
2025-10-20,daily,aggTrades,data/spot/daily/aggTrades/SANDUSDT/SANDUSDT-aggTrades-2025-10-20.zip
2025-10-21,daily,aggTrades,data/spot/daily/aggTrades/SANDUSDT/SANDUSDT-aggTrades-2025-10-21.zip
2025-10-22,daily,aggTrades,data/spot/daily/aggTrades/SANDUSDT/SANDUSDT-aggTrades-2025-10-22.zip
2025-10-23,daily,aggTrades,data/spot/daily/aggTrades/SANDUSDT/SANDUSDT-aggTrades-2025-10-23.zip
2025-10-24,daily,aggTrades,data/spot/daily/aggTrades/SANDUSDT/SANDUSDT-aggTrades-2025-10-24.zip
2025-10-25,daily,aggTrades,data/spot/daily/aggTrades/SANDUSDT/SANDUSDT-aggTrades-2025-10-25.zip
2025-10-26,daily,aggTrades,data/spot/daily/aggTrades/SANDUSDT/SANDUSDT-aggTrades-2025-10-26.zip
2025-10-27,daily,aggTrades,data/spot/daily/aggTrades/SANDUSDT/SANDUSDT-aggTrades-2025-10-27.zip
2025-10-28,daily,aggTrades,data/spot/daily/aggTrades/SANDUSDT/SANDUSDT-aggTrades-2025-10-28.zip
2025-10-29,daily,aggTrades,data/spot/daily/aggTrades/SANDUSDT/SANDUSDT-aggTrades-2025-10-29.zip
2025-10-30,daily,aggTrades,data/spot/daily/aggTrades/SANDUSDT/SANDUSDT-aggTrades-2025-10-30.zip
2025-10-31,daily,aggTrades,data/spot/daily/aggTrades/SANDUSDT/SANDUSDT-aggTrades-2025-10-31.zip
2025-11-01,daily,aggTrades,data/spot/daily/aggTrades/SANDUSDT/SANDUSDT-aggTrades-2025-11-01.zip
2025-11-01,monthly,aggTrades,data/spot/monthly/aggTrades/SANDUSDT/SANDUSDT-aggTrades-2025-11.zip
2025-11-01,monthly,trades,data/spot/monthly/trades/SANDUSDT/SANDUSDT-trades-2025-11.zip
2025-11-02,daily,aggTrades,data/spot/daily/aggTrades/SANDUSDT/SANDUSDT-aggTrades-2025-11-02.zip
2025-11-03,daily,aggTrades,data/spot/daily/aggTrades/SANDUSDT/SANDUSDT-aggTrades-2025-11-03.zip
2025-11-04,daily,aggTrades,data/spot/daily/aggTrades/SANDUSDT/SANDUSDT-aggTrades-2025-11-04.zip
2025-11-05,daily,aggTrades,data/spot/daily/aggTrades/SANDUSDT/SANDUSDT-aggTrades-2025-11-05.zip
2025-11-06,daily,aggTrades,data/spot/daily/aggTrades/SANDUSDT/SANDUSDT-aggTrades-2025-11-06.zip
2025-11-07,daily,aggTrades,data/spot/daily/aggTrades/SANDUSDT/SANDUSDT-aggTrades-2025-11-07.zip
2025-11-08,daily,aggTrades,data/spot/daily/aggTrades/SANDUSDT/SANDUSDT-aggTrades-2025-11-08.zip
2025-11-09,daily,aggTrades,data/spot/daily/aggTrades/SANDUSDT/SANDUSDT-aggTrades-2025-11-09.zip
2025-11-10,daily,aggTrades,data/spot/daily/aggTrades/SANDUSDT/SANDUSDT-aggTrades-2025-11-10.zip
2025-11-11,daily,aggTrades,data/spot/daily/aggTrades/SANDUSDT/SANDUSDT-aggTrades-2025-11-11.zip
2025-11-12,daily,aggTrades,data/spot/daily/aggTrades/SANDUSDT/SANDUSDT-aggTrades-2025-11-12.zip
2025-11-13,daily,aggTrades,data/spot/daily/aggTrades/SANDUSDT/SANDUSDT-aggTrades-2025-11-13.zip
2025-11-14,daily,aggTrades,data/spot/daily/aggTrades/SANDUSDT/SANDUSDT-aggTrades-2025-11-14.zip
2025-11-15,daily,aggTrades,data/spot/daily/aggTrades/SANDUSDT/SANDUSDT-aggTrades-2025-11-15.zip
2025-11-16,daily,aggTrades,data/spot/daily/aggTrades/SANDUSDT/SANDUSDT-aggTrades-2025-11-16.zip
2025-11-17,daily,aggTrades,data/spot/daily/aggTrades/SANDUSDT/SANDUSDT-aggTrades-2025-11-17.zip
2025-11-18,daily,aggTrades,data/spot/daily/aggTrades/SANDUSDT/SANDUSDT-aggTrades-2025-11-18.zip
2025-11-19,daily,aggTrades,data/spot/daily/aggTrades/SANDUSDT/SANDUSDT-aggTrades-2025-11-19.zip
2025-11-20,daily,aggTrades,data/spot/daily/aggTrades/SANDUSDT/SANDUSDT-aggTrades-2025-11-20.zip
2025-11-21,daily,aggTrades,data/spot/daily/aggTrades/SANDUSDT/SANDUSDT-aggTrades-2025-11-21.zip
2025-11-22,daily,aggTrades,data/spot/daily/aggTrades/SANDUSDT/SANDUSDT-aggTrades-2025-11-22.zip
2025-11-23,daily,aggTrades,data/spot/daily/aggTrades/SANDUSDT/SANDUSDT-aggTrades-2025-11-23.zip
2025-11-24,daily,aggTrades,data/spot/daily/aggTrades/SANDUSDT/SANDUSDT-aggTrades-2025-11-24.zip
2025-11-25,daily,aggTrades,data/spot/daily/aggTrades/SANDUSDT/SANDUSDT-aggTrades-2025-11-25.zip
2025-11-26,daily,aggTrades,data/spot/daily/aggTrades/SANDUSDT/SANDUSDT-aggTrades-2025-11-26.zip
2025-11-27,daily,aggTrades,data/spot/daily/aggTrades/SANDUSDT/SANDUSDT-aggTrades-2025-11-27.zip
2025-11-28,daily,aggTrades,data/spot/daily/aggTrades/SANDUSDT/SANDUSDT-aggTrades-2025-11-28.zip
2025-11-29,daily,aggTrades,data/spot/daily/aggTrades/SANDUSDT/SANDUSDT-aggTrades-2025-11-29.zip
2025-11-30,daily,aggTrades,data/spot/daily/aggTrades/SANDUSDT/SANDUSDT-aggTrades-2025-11-30.zip
2025-12-01,daily,aggTrades,data/spot/daily/aggTrades/SANDUSDT/SANDUSDT-aggTrades-2025-12-01.zip
2025-12-01,monthly,aggTrades,data/spot/monthly/aggTrades/SANDUSDT/SANDUSDT-aggTrades-2025-12.zip
2025-12-01,monthly,trades,data/spot/monthly/trades/SANDUSDT/SANDUSDT-trades-2025-12.zip
2025-12-02,daily,aggTrades,data/spot/daily/aggTrades/SANDUSDT/SANDUSDT-aggTrades-2025-12-02.zip
2025-12-03,daily,aggTrades,data/spot/daily/aggTrades/SANDUSDT/SANDUSDT-aggTrades-2025-12-03.zip
2025-12-04,daily,aggTrades,data/spot/daily/aggTrades/SANDUSDT/SANDUSDT-aggTrades-2025-12-04.zip
2025-12-05,daily,aggTrades,data/spot/daily/aggTrades/SANDUSDT/SANDUSDT-aggTrades-2025-12-05.zip
2025-12-06,daily,aggTrades,data/spot/daily/aggTrades/SANDUSDT/SANDUSDT-aggTrades-2025-12-06.zip
2025-12-07,daily,aggTrades,data/spot/daily/aggTrades/SANDUSDT/SANDUSDT-aggTrades-2025-12-07.zip
2025-12-08,daily,aggTrades,data/spot/daily/aggTrades/SANDUSDT/SANDUSDT-aggTrades-2025-12-08.zip
2025-12-09,daily,aggTrades,data/spot/daily/aggTrades/SANDUSDT/SANDUSDT-aggTrades-2025-12-09.zip
2025-12-10,daily,aggTrades,data/spot/daily/aggTrades/SANDUSDT/SANDUSDT-aggTrades-2025-12-10.zip
2025-12-11,daily,aggTrades,data/spot/daily/aggTrades/SANDUSDT/SANDUSDT-aggTrades-2025-12-11.zip
2025-12-12,daily,aggTrades,data/spot/daily/aggTrades/SANDUSDT/SANDUSDT-aggTrades-2025-12-12.zip
2025-12-13,daily,aggTrades,data/spot/daily/aggTrades/SANDUSDT/SANDUSDT-aggTrades-2025-12-13.zip
2025-12-14,daily,aggTrades,data/spot/daily/aggTrades/SANDUSDT/SANDUSDT-aggTrades-2025-12-14.zip
2025-12-15,daily,aggTrades,data/spot/daily/aggTrades/SANDUSDT/SANDUSDT-aggTrades-2025-12-15.zip
2025-12-16,daily,aggTrades,data/spot/daily/aggTrades/SANDUSDT/SANDUSDT-aggTrades-2025-12-16.zip
2025-12-17,daily,aggTrades,data/spot/daily/aggTrades/SANDUSDT/SANDUSDT-aggTrades-2025-12-17.zip
2025-12-18,daily,aggTrades,data/spot/daily/aggTrades/SANDUSDT/SANDUSDT-aggTrades-2025-12-18.zip
2025-12-19,daily,aggTrades,data/spot/daily/aggTrades/SANDUSDT/SANDUSDT-aggTrades-2025-12-19.zip
2025-12-20,daily,aggTrades,data/spot/daily/aggTrades/SANDUSDT/SANDUSDT-aggTrades-2025-12-20.zip
2025-12-21,daily,aggTrades,data/spot/daily/aggTrades/SANDUSDT/SANDUSDT-aggTrades-2025-12-21.zip
2025-12-22,daily,aggTrades,data/spot/daily/aggTrades/SANDUSDT/SANDUSDT-aggTrades-2025-12-22.zip
2025-12-23,daily,aggTrades,data/spot/daily/aggTrades/SANDUSDT/SANDUSDT-aggTrades-2025-12-23.zip
2025-12-24,daily,aggTrades,data/spot/daily/aggTrades/SANDUSDT/SANDUSDT-aggTrades-2025-12-24.zip
2025-12-25,daily,aggTrades,data/spot/daily/aggTrades/SANDUSDT/SANDUSDT-aggTrades-2025-12-25.zip
2025-12-26,daily,aggTrades,data/spot/daily/aggTrades/SANDUSDT/SANDUSDT-aggTrades-2025-12-26.zip
2025-12-27,daily,aggTrades,data/spot/daily/aggTrades/SANDUSDT/SANDUSDT-aggTrades-2025-12-27.zip
2025-12-28,daily,aggTrades,data/spot/daily/aggTrades/SANDUSDT/SANDUSDT-aggTrades-2025-12-28.zip
2025-12-29,daily,aggTrades,data/spot/daily/aggTrades/SANDUSDT/SANDUSDT-aggTrades-2025-12-29.zip
2025-12-30,daily,aggTrades,data/spot/daily/aggTrades/SANDUSDT/SANDUSDT-aggTrades-2025-12-30.zip
2025-12-31,daily,aggTrades,data/spot/daily/aggTrades/SANDUSDT/SANDUSDT-aggTrades-2025-12-31.zip
2026-01-01,daily,aggTrades,data/spot/daily/aggTrades/SANDUSDT/SANDUSDT-aggTrades-2026-01-01.zip
2026-01-01,monthly,aggTrades,data/spot/monthly/aggTrades/SANDUSDT/SANDUSDT-aggTrades-2026-01.zip
2026-01-01,monthly,trades,data/spot/monthly/trades/SANDUSDT/SANDUSDT-trades-2026-01.zip
2026-01-02,daily,aggTrades,data/spot/daily/aggTrades/SANDUSDT/SANDUSDT-aggTrades-2026-01-02.zip
2026-01-03,daily,aggTrades,data/spot/daily/aggTrades/SANDUSDT/SANDUSDT-aggTrades-2026-01-03.zip
2026-01-04,daily,aggTrades,data/spot/daily/aggTrades/SANDUSDT/SANDUSDT-aggTrades-2026-01-04.zip
2026-01-05,daily,aggTrades,data/spot/daily/aggTrades/SANDUSDT/SANDUSDT-aggTrades-2026-01-05.zip
2026-01-06,daily,aggTrades,data/spot/daily/aggTrades/SANDUSDT/SANDUSDT-aggTrades-2026-01-06.zip
2026-01-07,daily,aggTrades,data/spot/daily/aggTrades/SANDUSDT/SANDUSDT-aggTrades-2026-01-07.zip
2026-01-08,daily,aggTrades,data/spot/daily/aggTrades/SANDUSDT/SANDUSDT-aggTrades-2026-01-08.zip
2026-01-09,daily,aggTrades,data/spot/daily/aggTrades/SANDUSDT/SANDUSDT-aggTrades-2026-01-09.zip
2026-01-10,daily,aggTrades,data/spot/daily/aggTrades/SANDUSDT/SANDUSDT-aggTrades-2026-01-10.zip
2026-01-11,daily,aggTrades,data/spot/daily/aggTrades/SANDUSDT/SANDUSDT-aggTrades-2026-01-11.zip
2026-01-12,daily,aggTrades,data/spot/daily/aggTrades/SANDUSDT/SANDUSDT-aggTrades-2026-01-12.zip
2026-01-13,daily,aggTrades,data/spot/daily/aggTrades/SANDUSDT/SANDUSDT-aggTrades-2026-01-13.zip
2026-01-14,daily,aggTrades,data/spot/daily/aggTrades/SANDUSDT/SANDUSDT-aggTrades-2026-01-14.zip
2026-01-15,daily,aggTrades,data/spot/daily/aggTrades/SANDUSDT/SANDUSDT-aggTrades-2026-01-15.zip
2026-01-16,daily,aggTrades,data/spot/daily/aggTrades/SANDUSDT/SANDUSDT-aggTrades-2026-01-16.zip
2026-01-17,daily,aggTrades,data/spot/daily/aggTrades/SANDUSDT/SANDUSDT-aggTrades-2026-01-17.zip
2026-01-18,daily,aggTrades,data/spot/daily/aggTrades/SANDUSDT/SANDUSDT-aggTrades-2026-01-18.zip
2026-01-19,daily,aggTrades,data/spot/daily/aggTrades/SANDUSDT/SANDUSDT-aggTrades-2026-01-19.zip
2026-01-20,daily,aggTrades,data/spot/daily/aggTrades/SANDUSDT/SANDUSDT-aggTrades-2026-01-20.zip
2026-01-21,daily,aggTrades,data/spot/daily/aggTrades/SANDUSDT/SANDUSDT-aggTrades-2026-01-21.zip
2026-01-22,daily,aggTrades,data/spot/daily/aggTrades/SANDUSDT/SANDUSDT-aggTrades-2026-01-22.zip
2026-01-23,daily,aggTrades,data/spot/daily/aggTrades/SANDUSDT/SANDUSDT-aggTrades-2026-01-23.zip
2026-01-24,daily,aggTrades,data/spot/daily/aggTrades/SANDUSDT/SANDUSDT-aggTrades-2026-01-24.zip
2026-01-25,daily,aggTrades,data/spot/daily/aggTrades/SANDUSDT/SANDUSDT-aggTrades-2026-01-25.zip
2026-01-26,daily,aggTrades,data/spot/daily/aggTrades/SANDUSDT/SANDUSDT-aggTrades-2026-01-26.zip
2026-01-27,daily,aggTrades,data/spot/daily/aggTrades/SANDUSDT/SANDUSDT-aggTrades-2026-01-27.zip
2026-01-28,daily,aggTrades,data/spot/daily/aggTrades/SANDUSDT/SANDUSDT-aggTrades-2026-01-28.zip
2026-01-29,daily,aggTrades,data/spot/daily/aggTrades/SANDUSDT/SANDUSDT-aggTrades-2026-01-29.zip
2026-01-30,daily,aggTrades,data/spot/daily/aggTrades/SANDUSDT/SANDUSDT-aggTrades-2026-01-30.zip
2026-01-31,daily,aggTrades,data/spot/daily/aggTrades/SANDUSDT/SANDUSDT-aggTrades-2026-01-31.zip
2026-02-01,daily,aggTrades,data/spot/daily/aggTrades/SANDUSDT/SANDUSDT-aggTrades-2026-02-01.zip
2026-02-01,monthly,aggTrades,data/spot/monthly/aggTrades/SANDUSDT/SANDUSDT-aggTrades-2026-02.zip
2026-02-01,monthly,trades,data/spot/monthly/trades/SANDUSDT/SANDUSDT-trades-2026-02.zip
2026-02-02,daily,aggTrades,data/spot/daily/aggTrades/SANDUSDT/SANDUSDT-aggTrades-2026-02-02.zip
2026-02-03,daily,aggTrades,data/spot/daily/aggTrades/SANDUSDT/SANDUSDT-aggTrades-2026-02-03.zip
2026-02-04,daily,aggTrades,data/spot/daily/aggTrades/SANDUSDT/SANDUSDT-aggTrades-2026-02-04.zip
2026-02-05,daily,aggTrades,data/spot/daily/aggTrades/SANDUSDT/SANDUSDT-aggTrades-2026-02-05.zip
2026-02-06,daily,aggTrades,data/spot/daily/aggTrades/SANDUSDT/SANDUSDT-aggTrades-2026-02-06.zip
2026-02-07,daily,aggTrades,data/spot/daily/aggTrades/SANDUSDT/SANDUSDT-aggTrades-2026-02-07.zip
2026-02-08,daily,aggTrades,data/spot/daily/aggTrades/SANDUSDT/SANDUSDT-aggTrades-2026-02-08.zip
2026-02-09,daily,aggTrades,data/spot/daily/aggTrades/SANDUSDT/SANDUSDT-aggTrades-2026-02-09.zip
2026-02-10,daily,aggTrades,data/spot/daily/aggTrades/SANDUSDT/SANDUSDT-aggTrades-2026-02-10.zip
2026-02-11,daily,aggTrades,data/spot/daily/aggTrades/SANDUSDT/SANDUSDT-aggTrades-2026-02-11.zip
2026-02-12,daily,aggTrades,data/spot/daily/aggTrades/SANDUSDT/SANDUSDT-aggTrades-2026-02-12.zip
2026-02-13,daily,aggTrades,data/spot/daily/aggTrades/SANDUSDT/SANDUSDT-aggTrades-2026-02-13.zip
2026-02-14,daily,aggTrades,data/spot/daily/aggTrades/SANDUSDT/SANDUSDT-aggTrades-2026-02-14.zip
2026-02-15,daily,aggTrades,data/spot/daily/aggTrades/SANDUSDT/SANDUSDT-aggTrades-2026-02-15.zip
2026-02-16,daily,aggTrades,data/spot/daily/aggTrades/SANDUSDT/SANDUSDT-aggTrades-2026-02-16.zip
2026-02-17,daily,aggTrades,data/spot/daily/aggTrades/SANDUSDT/SANDUSDT-aggTrades-2026-02-17.zip
2026-02-18,daily,aggTrades,data/spot/daily/aggTrades/SANDUSDT/SANDUSDT-aggTrades-2026-02-18.zip
2026-02-19,daily,aggTrades,data/spot/daily/aggTrades/SANDUSDT/SANDUSDT-aggTrades-2026-02-19.zip
2026-02-20,daily,aggTrades,data/spot/daily/aggTrades/SANDUSDT/SANDUSDT-aggTrades-2026-02-20.zip
2026-02-21,daily,aggTrades,data/spot/daily/aggTrades/SANDUSDT/SANDUSDT-aggTrades-2026-02-21.zip
2026-02-22,daily,aggTrades,data/spot/daily/aggTrades/SANDUSDT/SANDUSDT-aggTrades-2026-02-22.zip
2026-02-23,daily,aggTrades,data/spot/daily/aggTrades/SANDUSDT/SANDUSDT-aggTrades-2026-02-23.zip
2026-02-24,daily,aggTrades,data/spot/daily/aggTrades/SANDUSDT/SANDUSDT-aggTrades-2026-02-24.zip
2026-02-25,daily,aggTrades,data/spot/daily/aggTrades/SANDUSDT/SANDUSDT-aggTrades-2026-02-25.zip
2026-02-26,daily,aggTrades,data/spot/daily/aggTrades/SANDUSDT/SANDUSDT-aggTrades-2026-02-26.zip
2026-02-27,daily,aggTrades,data/spot/daily/aggTrades/SANDUSDT/SANDUSDT-aggTrades-2026-02-27.zip
2026-02-28,daily,aggTrades,data/spot/daily/aggTrades/SANDUSDT/SANDUSDT-aggTrades-2026-02-28.zip
2026-03-01,daily,aggTrades,data/spot/daily/aggTrades/SANDUSDT/SANDUSDT-aggTrades-2026-03-01.zip
2026-03-01,monthly,aggTrades,data/spot/monthly/aggTrades/SANDUSDT/SANDUSDT-aggTrades-2026-03.zip
2026-03-01,monthly,trades,data/spot/monthly/trades/SANDUSDT/SANDUSDT-trades-2026-03.zip
2026-03-02,daily,aggTrades,data/spot/daily/aggTrades/SANDUSDT/SANDUSDT-aggTrades-2026-03-02.zip
2026-03-03,daily,aggTrades,data/spot/daily/aggTrades/SANDUSDT/SANDUSDT-aggTrades-2026-03-03.zip
2026-03-04,daily,aggTrades,data/spot/daily/aggTrades/SANDUSDT/SANDUSDT-aggTrades-2026-03-04.zip
2026-03-05,daily,aggTrades,data/spot/daily/aggTrades/SANDUSDT/SANDUSDT-aggTrades-2026-03-05.zip
2026-03-06,daily,aggTrades,data/spot/daily/aggTrades/SANDUSDT/SANDUSDT-aggTrades-2026-03-06.zip
2026-03-07,daily,aggTrades,data/spot/daily/aggTrades/SANDUSDT/SANDUSDT-aggTrades-2026-03-07.zip
2026-03-08,daily,aggTrades,data/spot/daily/aggTrades/SANDUSDT/SANDUSDT-aggTrades-2026-03-08.zip
2026-03-09,daily,aggTrades,data/spot/daily/aggTrades/SANDUSDT/SANDUSDT-aggTrades-2026-03-09.zip
2026-03-10,daily,aggTrades,data/spot/daily/aggTrades/SANDUSDT/SANDUSDT-aggTrades-2026-03-10.zip
2026-03-11,daily,aggTrades,data/spot/daily/aggTrades/SANDUSDT/SANDUSDT-aggTrades-2026-03-11.zip
2026-03-12,daily,aggTrades,data/spot/daily/aggTrades/SANDUSDT/SANDUSDT-aggTrades-2026-03-12.zip
2026-03-13,daily,aggTrades,data/spot/daily/aggTrades/SANDUSDT/SANDUSDT-aggTrades-2026-03-13.zip
2026-03-14,daily,aggTrades,data/spot/daily/aggTrades/SANDUSDT/SANDUSDT-aggTrades-2026-03-14.zip
2026-03-15,daily,aggTrades,data/spot/daily/aggTrades/SANDUSDT/SANDUSDT-aggTrades-2026-03-15.zip
2026-03-16,daily,aggTrades,data/spot/daily/aggTrades/SANDUSDT/SANDUSDT-aggTrades-2026-03-16.zip
2026-03-17,daily,aggTrades,data/spot/daily/aggTrades/SANDUSDT/SANDUSDT-aggTrades-2026-03-17.zip
2026-03-18,daily,aggTrades,data/spot/daily/aggTrades/SANDUSDT/SANDUSDT-aggTrades-2026-03-18.zip
2026-03-19,daily,aggTrades,data/spot/daily/aggTrades/SANDUSDT/SANDUSDT-aggTrades-2026-03-19.zip
2026-03-20,daily,aggTrades,data/spot/daily/aggTrades/SANDUSDT/SANDUSDT-aggTrades-2026-03-20.zip
2026-03-21,daily,aggTrades,data/spot/daily/aggTrades/SANDUSDT/SANDUSDT-aggTrades-2026-03-21.zip
2026-03-22,daily,aggTrades,data/spot/daily/aggTrades/SANDUSDT/SANDUSDT-aggTrades-2026-03-22.zip
2026-03-23,daily,aggTrades,data/spot/daily/aggTrades/SANDUSDT/SANDUSDT-aggTrades-2026-03-23.zip
2026-03-24,daily,aggTrades,data/spot/daily/aggTrades/SANDUSDT/SANDUSDT-aggTrades-2026-03-24.zip
2026-03-25,daily,aggTrades,data/spot/daily/aggTrades/SANDUSDT/SANDUSDT-aggTrades-2026-03-25.zip
2026-03-26,daily,aggTrades,data/spot/daily/aggTrades/SANDUSDT/SANDUSDT-aggTrades-2026-03-26.zip
2026-03-27,daily,aggTrades,data/spot/daily/aggTrades/SANDUSDT/SANDUSDT-aggTrades-2026-03-27.zip
2026-03-28,daily,aggTrades,data/spot/daily/aggTrades/SANDUSDT/SANDUSDT-aggTrades-2026-03-28.zip
2026-03-29,daily,aggTrades,data/spot/daily/aggTrades/SANDUSDT/SANDUSDT-aggTrades-2026-03-29.zip
2026-03-30,daily,aggTrades,data/spot/daily/aggTrades/SANDUSDT/SANDUSDT-aggTrades-2026-03-30.zip
2026-03-31,daily,aggTrades,data/spot/daily/aggTrades/SANDUSDT/SANDUSDT-aggTrades-2026-03-31.zip
2026-04-01,daily,aggTrades,data/spot/daily/aggTrades/SANDUSDT/SANDUSDT-aggTrades-2026-04-01.zip
2026-04-01,monthly,aggTrades,data/spot/monthly/aggTrades/SANDUSDT/SANDUSDT-aggTrades-2026-04.zip
2026-04-01,monthly,trades,data/spot/monthly/trades/SANDUSDT/SANDUSDT-trades-2026-04.zip
2026-04-02,daily,aggTrades,data/spot/daily/aggTrades/SANDUSDT/SANDUSDT-aggTrades-2026-04-02.zip
2026-04-03,daily,aggTrades,data/spot/daily/aggTrades/SANDUSDT/SANDUSDT-aggTrades-2026-04-03.zip
2026-04-04,daily,aggTrades,data/spot/daily/aggTrades/SANDUSDT/SANDUSDT-aggTrades-2026-04-04.zip
2026-04-05,daily,aggTrades,data/spot/daily/aggTrades/SANDUSDT/SANDUSDT-aggTrades-2026-04-05.zip
2026-04-06,daily,aggTrades,data/spot/daily/aggTrades/SANDUSDT/SANDUSDT-aggTrades-2026-04-06.zip
2026-04-07,daily,aggTrades,data/spot/daily/aggTrades/SANDUSDT/SANDUSDT-aggTrades-2026-04-07.zip
2026-04-08,daily,aggTrades,data/spot/daily/aggTrades/SANDUSDT/SANDUSDT-aggTrades-2026-04-08.zip
2026-04-09,daily,aggTrades,data/spot/daily/aggTrades/SANDUSDT/SANDUSDT-aggTrades-2026-04-09.zip
2026-04-10,daily,aggTrades,data/spot/daily/aggTrades/SANDUSDT/SANDUSDT-aggTrades-2026-04-10.zip
2026-04-11,daily,aggTrades,data/spot/daily/aggTrades/SANDUSDT/SANDUSDT-aggTrades-2026-04-11.zip
2026-04-12,daily,aggTrades,data/spot/daily/aggTrades/SANDUSDT/SANDUSDT-aggTrades-2026-04-12.zip
2026-04-13,daily,aggTrades,data/spot/daily/aggTrades/SANDUSDT/SANDUSDT-aggTrades-2026-04-13.zip
2026-04-14,daily,aggTrades,data/spot/daily/aggTrades/SANDUSDT/SANDUSDT-aggTrades-2026-04-14.zip
2026-04-15,daily,aggTrades,data/spot/daily/aggTrades/SANDUSDT/SANDUSDT-aggTrades-2026-04-15.zip
2026-04-16,daily,aggTrades,data/spot/daily/aggTrades/SANDUSDT/SANDUSDT-aggTrades-2026-04-16.zip
2026-04-17,daily,aggTrades,data/spot/daily/aggTrades/SANDUSDT/SANDUSDT-aggTrades-2026-04-17.zip
2026-04-18,daily,aggTrades,data/spot/daily/aggTrades/SANDUSDT/SANDUSDT-aggTrades-2026-04-18.zip
2026-04-19,daily,aggTrades,data/spot/daily/aggTrades/SANDUSDT/SANDUSDT-aggTrades-2026-04-19.zip
2026-04-20,daily,aggTrades,data/spot/daily/aggTrades/SANDUSDT/SANDUSDT-aggTrades-2026-04-20.zip
2026-04-21,daily,aggTrades,data/spot/daily/aggTrades/SANDUSDT/SANDUSDT-aggTrades-2026-04-21.zip
2026-04-22,daily,aggTrades,data/spot/daily/aggTrades/SANDUSDT/SANDUSDT-aggTrades-2026-04-22.zip
2026-04-23,daily,aggTrades,data/spot/daily/aggTrades/SANDUSDT/SANDUSDT-aggTrades-2026-04-23.zip
2026-04-24,daily,aggTrades,data/spot/daily/aggTrades/SANDUSDT/SANDUSDT-aggTrades-2026-04-24.zip
2026-04-25,daily,aggTrades,data/spot/daily/aggTrades/SANDUSDT/SANDUSDT-aggTrades-2026-04-25.zip
2026-04-26,daily,aggTrades,data/spot/daily/aggTrades/SANDUSDT/SANDUSDT-aggTrades-2026-04-26.zip
2026-04-27,daily,aggTrades,data/spot/daily/aggTrades/SANDUSDT/SANDUSDT-aggTrades-2026-04-27.zip
2026-04-28,daily,aggTrades,data/spot/daily/aggTrades/SANDUSDT/SANDUSDT-aggTrades-2026-04-28.zip
2026-04-29,daily,aggTrades,data/spot/daily/aggTrades/SANDUSDT/SANDUSDT-aggTrades-2026-04-29.zip
2026-04-30,daily,aggTrades,data/spot/daily/aggTrades/SANDUSDT/SANDUSDT-aggTrades-2026-04-30.zip
2026-05-01,daily,aggTrades,data/spot/daily/aggTrades/SANDUSDT/SANDUSDT-aggTrades-2026-05-01.zip
2026-05-01,monthly,aggTrades,data/spot/monthly/aggTrades/SANDUSDT/SANDUSDT-aggTrades-2026-05.zip
2026-05-01,monthly,trades,data/spot/monthly/trades/SANDUSDT/SANDUSDT-trades-2026-05.zip
2026-05-02,daily,aggTrades,data/spot/daily/aggTrades/SANDUSDT/SANDUSDT-aggTrades-2026-05-02.zip
2026-05-03,daily,aggTrades,data/spot/daily/aggTrades/SANDUSDT/SANDUSDT-aggTrades-2026-05-03.zip
2026-05-04,daily,aggTrades,data/spot/daily/aggTrades/SANDUSDT/SANDUSDT-aggTrades-2026-05-04.zip
2026-05-05,daily,aggTrades,data/spot/daily/aggTrades/SANDUSDT/SANDUSDT-aggTrades-2026-05-05.zip
2026-05-06,daily,aggTrades,data/spot/daily/aggTrades/SANDUSDT/SANDUSDT-aggTrades-2026-05-06.zip
2026-05-07,daily,aggTrades,data/spot/daily/aggTrades/SANDUSDT/SANDUSDT-aggTrades-2026-05-07.zip
2026-05-08,daily,aggTrades,data/spot/daily/aggTrades/SANDUSDT/SANDUSDT-aggTrades-2026-05-08.zip
2026-05-09,daily,aggTrades,data/spot/daily/aggTrades/SANDUSDT/SANDUSDT-aggTrades-2026-05-09.zip
2026-05-10,daily,aggTrades,data/spot/daily/aggTrades/SANDUSDT/SANDUSDT-aggTrades-2026-05-10.zip
2026-05-11,daily,aggTrades,data/spot/daily/aggTrades/SANDUSDT/SANDUSDT-aggTrades-2026-05-11.zip
2026-05-12,daily,aggTrades,data/spot/daily/aggTrades/SANDUSDT/SANDUSDT-aggTrades-2026-05-12.zip
2026-05-13,daily,aggTrades,data/spot/daily/aggTrades/SANDUSDT/SANDUSDT-aggTrades-2026-05-13.zip
2026-05-14,daily,aggTrades,data/spot/daily/aggTrades/SANDUSDT/SANDUSDT-aggTrades-2026-05-14.zip
2026-05-15,daily,aggTrades,data/spot/daily/aggTrades/SANDUSDT/SANDUSDT-aggTrades-2026-05-15.zip
2026-05-16,daily,aggTrades,data/spot/daily/aggTrades/SANDUSDT/SANDUSDT-aggTrades-2026-05-16.zip
2026-05-17,daily,aggTrades,data/spot/daily/aggTrades/SANDUSDT/SANDUSDT-aggTrades-2026-05-17.zip
2026-05-18,daily,aggTrades,data/spot/daily/aggTrades/SANDUSDT/SANDUSDT-aggTrades-2026-05-18.zip
2026-05-19,daily,aggTrades,data/spot/daily/aggTrades/SANDUSDT/SANDUSDT-aggTrades-2026-05-19.zip
2026-05-20,daily,aggTrades,data/spot/daily/aggTrades/SANDUSDT/SANDUSDT-aggTrades-2026-05-20.zip
2026-05-21,daily,aggTrades,data/spot/daily/aggTrades/SANDUSDT/SANDUSDT-aggTrades-2026-05-21.zip
2026-05-22,daily,aggTrades,data/spot/daily/aggTrades/SANDUSDT/SANDUSDT-aggTrades-2026-05-22.zip
2026-05-23,daily,aggTrades,data/spot/daily/aggTrades/SANDUSDT/SANDUSDT-aggTrades-2026-05-23.zip
2026-05-24,daily,aggTrades,data/spot/daily/aggTrades/SANDUSDT/SANDUSDT-aggTrades-2026-05-24.zip
2026-05-25,daily,aggTrades,data/spot/daily/aggTrades/SANDUSDT/SANDUSDT-aggTrades-2026-05-25.zip
2026-05-26,daily,aggTrades,data/spot/daily/aggTrades/SANDUSDT/SANDUSDT-aggTrades-2026-05-26.zip
2026-05-27,daily,aggTrades,data/spot/daily/aggTrades/SANDUSDT/SANDUSDT-aggTrades-2026-05-27.zip
2026-05-28,daily,aggTrades,data/spot/daily/aggTrades/SANDUSDT/SANDUSDT-aggTrades-2026-05-28.zip
2026-05-29,daily,aggTrades,data/spot/daily/aggTrades/SANDUSDT/SANDUSDT-aggTrades-2026-05-29.zip
2026-05-30,daily,aggTrades,data/spot/daily/aggTrades/SANDUSDT/SANDUSDT-aggTrades-2026-05-30.zip
2026-05-31,daily,aggTrades,data/spot/daily/aggTrades/SANDUSDT/SANDUSDT-aggTrades-2026-05-31.zip
2026-06-01,daily,aggTrades,data/spot/daily/aggTrades/SANDUSDT/SANDUSDT-aggTrades-2026-06-01.zip
2026-06-01,monthly,aggTrades,data/spot/monthly/aggTrades/SANDUSDT/SANDUSDT-aggTrades-2026-06.zip
2026-06-01,monthly,trades,data/spot/monthly/trades/SANDUSDT/SANDUSDT-trades-2026-06.zip
2026-06-02,daily,aggTrades,data/spot/daily/aggTrades/SANDUSDT/SANDUSDT-aggTrades-2026-06-02.zip
2026-06-03,daily,aggTrades,data/spot/daily/aggTrades/SANDUSDT/SANDUSDT-aggTrades-2026-06-03.zip
2026-06-04,daily,aggTrades,data/spot/daily/aggTrades/SANDUSDT/SANDUSDT-aggTrades-2026-06-04.zip
2026-06-05,daily,aggTrades,data/spot/daily/aggTrades/SANDUSDT/SANDUSDT-aggTrades-2026-06-05.zip
2026-06-06,daily,aggTrades,data/spot/daily/aggTrades/SANDUSDT/SANDUSDT-aggTrades-2026-06-06.zip
2026-06-07,daily,aggTrades,data/spot/daily/aggTrades/SANDUSDT/SANDUSDT-aggTrades-2026-06-07.zip
2026-06-08,daily,aggTrades,data/spot/daily/aggTrades/SANDUSDT/SANDUSDT-aggTrades-2026-06-08.zip
2026-06-09,daily,aggTrades,data/spot/daily/aggTrades/SANDUSDT/SANDUSDT-aggTrades-2026-06-09.zip
2026-06-10,daily,aggTrades,data/spot/daily/aggTrades/SANDUSDT/SANDUSDT-aggTrades-2026-06-10.zip
2026-06-11,daily,aggTrades,data/spot/daily/aggTrades/SANDUSDT/SANDUSDT-aggTrades-2026-06-11.zip
2026-06-12,daily,aggTrades,data/spot/daily/aggTrades/SANDUSDT/SANDUSDT-aggTrades-2026-06-12.zip
2026-06-13,daily,aggTrades,data/spot/daily/aggTrades/SANDUSDT/SANDUSDT-aggTrades-2026-06-13.zip
2026-06-14,daily,aggTrades,data/spot/daily/aggTrades/SANDUSDT/SANDUSDT-aggTrades-2026-06-14.zip
2026-06-15,daily,aggTrades,data/spot/daily/aggTrades/SANDUSDT/SANDUSDT-aggTrades-2026-06-15.zip
2026-06-16,daily,aggTrades,data/spot/daily/aggTrades/SANDUSDT/SANDUSDT-aggTrades-2026-06-16.zip
2026-06-17,daily,aggTrades,data/spot/daily/aggTrades/SANDUSDT/SANDUSDT-aggTrades-2026-06-17.zip
2026-06-18,daily,aggTrades,data/spot/daily/aggTrades/SANDUSDT/SANDUSDT-aggTrades-2026-06-18.zip
2026-06-19,daily,aggTrades,data/spot/daily/aggTrades/SANDUSDT/SANDUSDT-aggTrades-2026-06-19.zip
2026-06-20,daily,aggTrades,data/spot/daily/aggTrades/SANDUSDT/SANDUSDT-aggTrades-2026-06-20.zip
2026-06-21,daily,aggTrades,data/spot/daily/aggTrades/SANDUSDT/SANDUSDT-aggTrades-2026-06-21.zip
2026-06-22,daily,aggTrades,data/spot/daily/aggTrades/SANDUSDT/SANDUSDT-aggTrades-2026-06-22.zip
2026-06-23,daily,aggTrades,data/spot/daily/aggTrades/SANDUSDT/SANDUSDT-aggTrades-2026-06-23.zip
2026-06-24,daily,aggTrades,data/spot/daily/aggTrades/SANDUSDT/SANDUSDT-aggTrades-2026-06-24.zip
2026-06-25,daily,aggTrades,data/spot/daily/aggTrades/SANDUSDT/SANDUSDT-aggTrades-2026-06-25.zip
2026-06-26,daily,aggTrades,data/spot/daily/aggTrades/SANDUSDT/SANDUSDT-aggTrades-2026-06-26.zip
2026-06-27,daily,aggTrades,data/spot/daily/aggTrades/SANDUSDT/SANDUSDT-aggTrades-2026-06-27.zip
2026-06-28,daily,aggTrades,data/spot/daily/aggTrades/SANDUSDT/SANDUSDT-aggTrades-2026-06-28.zip
2026-06-29,daily,aggTrades,data/spot/daily/aggTrades/SANDUSDT/SANDUSDT-aggTrades-2026-06-29.zip
2026-06-30,daily,aggTrades,data/spot/daily/aggTrades/SANDUSDT/SANDUSDT-aggTrades-2026-06-30.zip
2026-07-01,daily,aggTrades,data/spot/daily/aggTrades/SANDUSDT/SANDUSDT-aggTrades-2026-07-01.zip
2026-07-01,monthly,aggTrades,data/spot/monthly/aggTrades/SANDUSDT/SANDUSDT-aggTrades-2026-07.zip
2026-07-01,monthly,trades,data/spot/monthly/trades/SANDUSDT/SANDUSDT-trades-2026-07.zip
2026-07-02,daily,aggTrades,data/spot/daily/aggTrades/SANDUSDT/SANDUSDT-aggTrades-2026-07-02.zip
2026-07-03,daily,aggTrades,data/spot/daily/aggTrades/SANDUSDT/SANDUSDT-aggTrades-2026-07-03.zip
2026-07-04,daily,aggTrades,data/spot/daily/aggTrades/SANDUSDT/SANDUSDT-aggTrades-2026-07-04.zip
2026-07-05,daily,aggTrades,data/spot/daily/aggTrades/SANDUSDT/SANDUSDT-aggTrades-2026-07-05.zip
2026-07-06,daily,aggTrades,data/spot/daily/aggTrades/SANDUSDT/SANDUSDT-aggTrades-2026-07-06.zip
2026-07-07,daily,aggTrades,data/spot/daily/aggTrades/SANDUSDT/SANDUSDT-aggTrades-2026-07-07.zip
2026-07-08,daily,aggTrades,data/spot/daily/aggTrades/SANDUSDT/SANDUSDT-aggTrades-2026-07-08.zip
2026-07-09,daily,aggTrades,data/spot/daily/aggTrades/SANDUSDT/SANDUSDT-aggTrades-2026-07-09.zip
2026-07-10,daily,aggTrades,data/spot/daily/aggTrades/SANDUSDT/SANDUSDT-aggTrades-2026-07-10.zip
2026-07-11,daily,aggTrades,data/spot/daily/aggTrades/SANDUSDT/SANDUSDT-aggTrades-2026-07-11.zip
2026-07-12,daily,aggTrades,data/spot/daily/aggTrades/SANDUSDT/SANDUSDT-aggTrades-2026-07-12.zip
2026-07-13,daily,aggTrades,data/spot/daily/aggTrades/SANDUSDT/SANDUSDT-aggTrades-2026-07-13.zip
2026-07-14,daily,aggTrades,data/spot/daily/aggTrades/SANDUSDT/SANDUSDT-aggTrades-2026-07-14.zip
2026-07-15,daily,aggTrades,data/spot/daily/aggTrades/SANDUSDT/SANDUSDT-aggTrades-2026-07-15.zip
2026-07-16,daily,aggTrades,data/spot/daily/aggTrades/SANDUSDT/SANDUSDT-aggTrades-2026-07-16.zip
2026-07-17,daily,aggTrades,data/spot/daily/aggTrades/SANDUSDT/SANDUSDT-aggTrades-2026-07-17.zip
2026-07-18,daily,aggTrades,data/spot/daily/aggTrades/SANDUSDT/SANDUSDT-aggTrades-2026-07-18.zip
2026-07-19,daily,aggTrades,data/spot/daily/aggTrades/SANDUSDT/SANDUSDT-aggTrades-2026-07-19.zip
2026-07-20,daily,aggTrades,data/spot/daily/aggTrades/SANDUSDT/SANDUSDT-aggTrades-2026-07-20.zip
2026-07-21,daily,aggTrades,data/spot/daily/aggTrades/SANDUSDT/SANDUSDT-aggTrades-2026-07-21.zip
2026-07-22,daily,aggTrades,data/spot/daily/aggTrades/SANDUSDT/SANDUSDT-aggTrades-2026-07-22.zip
2026-07-23,daily,aggTrades,data/spot/daily/aggTrades/SANDUSDT/SANDUSDT-aggTrades-2026-07-23.zip
2026-07-24,daily,aggTrades,data/spot/daily/aggTrades/SANDUSDT/SANDUSDT-aggTrades-2026-07-24.zip
2026-07-25,daily,aggTrades,data/spot/daily/aggTrades/SANDUSDT/SANDUSDT-aggTrades-2026-07-25.zip
2026-07-26,daily,aggTrades,data/spot/daily/aggTrades/SANDUSDT/SANDUSDT-aggTrades-2026-07-26.zip
2026-07-27,daily,aggTrades,data/spot/daily/aggTrades/SANDUSDT/SANDUSDT-aggTrades-2026-07-27.zip
2026-07-28,daily,aggTrades,data/spot/daily/aggTrades/SANDUSDT/SANDUSDT-aggTrades-2026-07-28.zip
2026-07-29,daily,aggTrades,data/spot/daily/aggTrades/SANDUSDT/SANDUSDT-aggTrades-2026-07-29.zip
2026-07-30,daily,aggTrades,data/spot/daily/aggTrades/SANDUSDT/SANDUSDT-aggTrades-2026-07-30.zip
2026-07-31,daily,aggTrades,data/spot/daily/aggTrades/SANDUSDT/SANDUSDT-aggTrades-2026-07-31.zip
2026-08-01,daily,aggTrades,data/spot/daily/aggTrades/SANDUSDT/SANDUSDT-aggTrades-2026-08-01.zip
2026-08-01,monthly,aggTrades,data/spot/monthly/aggTrades/SANDUSDT/SANDUSDT-aggTrades-2026-08.zip
2026-08-01,monthly,trades,data/spot/monthly/trades/SANDUSDT/SANDUSDT-trades-2026-08.zip
2026-08-02,daily,aggTrades,data/spot/daily/aggTrades/SANDUSDT/SANDUSDT-aggTrades-2026-08-02.zip
2026-08-03,daily,aggTrades,data/spot/daily/aggTrades/SANDUSDT/SANDUSDT-aggTrades-2026-08-03.zip
2026-08-04,daily,aggTrades,data/spot/daily/aggTrades/SANDUSDT/SANDUSDT-aggTrades-2026-08-04.zip
2026-08-05,daily,aggTrades,data/spot/daily/aggTrades/SANDUSDT/SANDUSDT-aggTrades-2026-08-05.zip
2026-08-06,daily,aggTrades,data/spot/daily/aggTrades/SANDUSDT/SANDUSDT-aggTrades-2026-08-06.zip
2026-08-07,daily,aggTrades,data/spot/daily/aggTrades/SANDUSDT/SANDUSDT-aggTrades-2026-08-07.zip
2026-08-08,daily,aggTrades,data/spot/daily/aggTrades/SANDUSDT/SANDUSDT-aggTrades-2026-08-08.zip
2026-08-09,daily,aggTrades,data/spot/daily/aggTrades/SANDUSDT/SANDUSDT-aggTrades-2026-08-09.zip
2026-08-10,daily,aggTrades,data/spot/daily/aggTrades/SANDUSDT/SANDUSDT-aggTrades-2026-08-10.zip
2026-08-11,daily,aggTrades,data/spot/daily/aggTrades/SANDUSDT/SANDUSDT-aggTrades-2026-08-11.zip
2026-08-12,daily,aggTrades,data/spot/daily/aggTrades/SANDUSDT/SANDUSDT-aggTrades-2026-08-12.zip
2026-08-13,daily,aggTrades,data/spot/daily/aggTrades/SANDUSDT/SANDUSDT-aggTrades-2026-08-13.zip
2026-08-14,daily,aggTrades,data/spot/daily/aggTrades/SANDUSDT/SANDUSDT-aggTrades-2026-08-14.zip
2026-08-15,daily,aggTrades,data/spot/daily/aggTrades/SANDUSDT/SANDUSDT-aggTrades-2026-08-15.zip
2026-08-16,daily,aggTrades,data/spot/daily/aggTrades/SANDUSDT/SANDUSDT-aggTrades-2026-08-16.zip
2026-08-17,daily,aggTrades,data/spot/daily/aggTrades/SANDUSDT/SANDUSDT-aggTrades-2026-08-17.zip
2026-08-18,daily,aggTrades,data/spot/daily/aggTrades/SANDUSDT/SANDUSDT-aggTrades-2026-08-18.zip
2026-08-19,daily,aggTrades,data/spot/daily/aggTrades/SANDUSDT/SANDUSDT-aggTrades-2026-08-19.zip
2026-08-20,daily,aggTrades,data/spot/daily/aggTrades/SANDUSDT/SANDUSDT-aggTrades-2026-08-20.zip
2026-08-21,daily,aggTrades,data/spot/daily/aggTrades/SANDUSDT/SANDUSDT-aggTrades-2026-08-21.zip
2026-08-22,daily,aggTrades,data/spot/daily/aggTrades/SANDUSDT/SANDUSDT-aggTrades-2026-08-22.zip
2026-08-23,daily,aggTrades,data/spot/daily/aggTrades/SANDUSDT/SANDUSDT-aggTrades-2026-08-23.zip
2026-08-24,daily,aggTrades,data/spot/daily/aggTrades/SANDUSDT/SANDUSDT-aggTrades-2026-08-24.zip
2026-08-25,daily,aggTrades,data/spot/daily/aggTrades/SANDUSDT/SANDUSDT-aggTrades-2026-08-25.zip
2026-08-26,daily,aggTrades,data/spot/daily/aggTrades/SANDUSDT/SANDUSDT-aggTrades-2026-08-26.zip
2026-08-27,daily,aggTrades,data/spot/daily/aggTrades/SANDUSDT/SANDUSDT-aggTrades-2026-08-27.zip
2026-08-28,daily,aggTrades,data/spot/daily/aggTrades/SANDUSDT/SANDUSDT-aggTrades-2026-08-28.zip
2026-08-29,daily,aggTrades,data/spot/daily/aggTrades/SANDUSDT/SANDUSDT-aggTrades-2026-08-29.zip
2026-08-30,daily,aggTrades,data/spot/daily/aggTrades/SANDUSDT/SANDUSDT-aggTrades-2026-08-30.zip
2026-08-31,daily,aggTrades,data/spot/daily/aggTrades/SANDUSDT/SANDUSDT-aggTrades-2026-08-31.zip
2026-09-01,daily,aggTrades,data/spot/daily/aggTrades/SANDUSDT/SANDUSDT-aggTrades-2026-09-01.zip
2026-09-01,monthly,aggTrades,data/spot/monthly/aggTrades/SANDUSDT/SANDUSDT-aggTrades-2026-09.zip
2026-09-01,monthly,trades,data/spot/monthly/trades/SANDUSDT/SANDUSDT-trades-2026-09.zip
2026-09-02,daily,aggTrades,data/spot/daily/aggTrades/SANDUSDT/SANDUSDT-aggTrades-2026-09-02.zip
2026-09-03,daily,aggTrades,data/spot/daily/aggTrades/SANDUSDT/SANDUSDT-aggTrades-2026-09-03.zip
2026-09-04,daily,aggTrades,data/spot/daily/aggTrades/SANDUSDT/SANDUSDT-aggTrades-2026-09-04.zip
2026-09-05,daily,aggTrades,data/spot/daily/aggTrades/SANDUSDT/SANDUSDT-aggTrades-2026-09-05.zip
2026-09-06,daily,aggTrades,data/spot/daily/aggTrades/SANDUSDT/SANDUSDT-aggTrades-2026-09-06.zip
2026-09-07,daily,aggTrades,data/spot/daily/aggTrades/SANDUSDT/SANDUSDT-aggTrades-2026-09-07.zip
2026-09-08,daily,aggTrades,data/spot/daily/aggTrades/SANDUSDT/SANDUSDT-aggTrades-2026-09-08.zip
2026-09-09,daily,aggTrades,data/spot/daily/aggTrades/SANDUSDT/SANDUSDT-aggTrades-2026-09-09.zip
2026-09-10,daily,aggTrades,data/spot/daily/aggTrades/SANDUSDT/SANDUSDT-aggTrades-2026-09-10.zip
2026-09-11,daily,aggTrades,data/spot/daily/aggTrades/SANDUSDT/SANDUSDT-aggTrades-2026-09-11.zip
2026-09-12,daily,aggTrades,data/spot/daily/aggTrades/SANDUSDT/SANDUSDT-aggTrades-2026-09-12.zip
2026-09-13,daily,aggTrades,data/spot/daily/aggTrades/SANDUSDT/SANDUSDT-aggTrades-2026-09-13.zip
2026-09-14,daily,aggTrades,data/spot/daily/aggTrades/SANDUSDT/SANDUSDT-aggTrades-2026-09-14.zip
2026-09-15,daily,aggTrades,data/spot/daily/aggTrades/SANDUSDT/SANDUSDT-aggTrades-2026-09-15.zip
2026-09-16,daily,aggTrades,data/spot/daily/aggTrades/SANDUSDT/SANDUSDT-aggTrades-2026-09-16.zip
2026-09-17,daily,aggTrades,data/spot/daily/aggTrades/SANDUSDT/SANDUSDT-aggTrades-2026-09-17.zip
2026-09-18,daily,aggTrades,data/spot/daily/aggTrades/SANDUSDT/SANDUSDT-aggTrades-2026-09-18.zip
2026-09-19,daily,aggTrades,data/spot/daily/aggTrades/SANDUSDT/SANDUSDT-aggTrades-2026-09-19.zip
2026-09-20,daily,aggTrades,data/spot/daily/aggTrades/SANDUSDT/SANDUSDT-aggTrades-2026-09-20.zip
2026-09-21,daily,aggTrades,data/spot/daily/aggTrades/SANDUSDT/SANDUSDT-aggTrades-2026-09-21.zip
2026-09-22,daily,aggTrades,data/spot/daily/aggTrades/SANDUSDT/SANDUSDT-aggTrades-2026-09-22.zip
2026-09-23,daily,aggTrades,data/spot/daily/aggTrades/SANDUSDT/SANDUSDT-aggTrades-2026-09-23.zip
2026-09-24,daily,aggTrades,data/spot/daily/aggTrades/SANDUSDT/SANDUSDT-aggTrades-2026-09-24.zip
2026-09-25,daily,aggTrades,data/spot/daily/aggTrades/SANDUSDT/SANDUSDT-aggTrades-2026-09-25.zip
2026-09-26,daily,aggTrades,data/spot/daily/aggTrades/SANDUSDT/SANDUSDT-aggTrades-2026-09-26.zip
2026-09-27,daily,aggTrades,data/spot/daily/aggTrades/SANDUSDT/SANDUSDT-aggTrades-2026-09-27.zip
2026-09-28,daily,aggTrades,data/spot/daily/aggTrades/SANDUSDT/SANDUSDT-aggTrades-2026-09-28.zip
2026-09-29,daily,aggTrades,data/spot/daily/aggTrades/SANDUSDT/SANDUSDT-aggTrades-2026-09-29.zip
2026-09-30,daily,aggTrades,data/spot/daily/aggTrades/SANDUSDT/SANDUSDT-aggTrades-2026-09-30.zip
2026-10-01,daily,aggTrades,data/spot/daily/aggTrades/SANDUSDT/SANDUSDT-aggTrades-2026-10-01.zip
2026-10-02,daily,aggTrades,data/spot/daily/aggTrades/SANDUSDT/SANDUSDT-aggTrades-2026-10-02.zip
2026-10-03,daily,aggTrades,data/spot/daily/aggTrades/SANDUSDT/SANDUSDT-aggTrades-2026-10-03.zip
2026-10-04,daily,aggTrades,data/spot/daily/aggTrades/SANDUSDT/SANDUSDT-aggTrades-2026-10-04.zip
2026-10-05,daily,aggTrades,data/spot/daily/aggTrades/SANDUSDT/SANDUSDT-aggTrades-2026-10-05.zip
2026-10-06,daily,aggTrades,data/spot/daily/aggTrades/SANDUSDT/SANDUSDT-aggTrades-2026-10-06.zip
2026-10-07,daily,aggTrades,data/spot/daily/aggTrades/SANDUSDT/SANDUSDT-aggTrades-2026-10-07.zip
2026-10-08,daily,aggTrades,data/spot/daily/aggTrades/SANDUSDT/SANDUSDT-aggTrades-2026-10-08.zip
2026-10-09,daily,aggTrades,data/spot/daily/aggTrades/SANDUSDT/SANDUSDT-aggTrades-2026-10-09.zip
